+-----------------+----+-----------------+------------------------------------------+-------------+------------------------+
| Number of Nodes | %  | Number of Edges |                 Cliques                  | Different k |          Time          |
+-----------------+----+-----------------+------------------------------------------+-------------+------------------------+
|        5        | 12 |        4        |                  [2, 3]                  |      2      | 2.8133392333984375e-05 |
|        5        | 25 |        4        |                  [2, 3]                  |      2      | 1.4066696166992188e-05 |
|        5        | 50 |        4        |                  [2, 3]                  |      2      | 1.4066696166992188e-05 |
|        5        | 75 |        5        |                [2, 3, 4]                 |      3      | 1.8835067749023438e-05 |
|        6        | 12 |        5        |                  [2, 3]                  |      2      | 2.193450927734375e-05  |
|        6        | 25 |        5        |                  [2, 3]                  |      2      |   1.52587890625e-05    |
|        6        | 50 |        6        |                  [2, 3]                  |      2      | 1.9788742065429688e-05 |
|        6        | 75 |        8        |                [2, 3, 4]                 |      3      |  2.09808349609375e-05  |
|        7        | 12 |        6        |                  [2, 3]                  |      2      | 2.2172927856445312e-05 |
|        7        | 25 |        6        |                  [2, 3]                  |      2      | 1.6927719116210938e-05 |
|        7        | 50 |        9        |                [2, 3, 4]                 |      3      | 2.5033950805664062e-05 |
|        7        | 75 |        12       |                [2, 3, 4]                 |      3      | 2.6226043701171875e-05 |
|        8        | 12 |        7        |                  [2, 3]                  |      2      | 2.2172927856445312e-05 |
|        8        | 25 |        7        |                  [2, 3]                  |      2      |  2.09808349609375e-05  |
|        8        | 50 |        12       |               [2, 3, 4, 5]               |      4      | 3.2901763916015625e-05 |
|        8        | 75 |        14       |               [2, 3, 4, 5]               |      4      | 2.9087066650390625e-05 |
|        9        | 12 |        8        |                  [2, 3]                  |      2      | 2.5033950805664062e-05 |
|        9        | 25 |        8        |                  [2, 3]                  |      2      | 2.2172927856445312e-05 |
|        9        | 50 |        14       |                [2, 3, 4]                 |      3      | 3.790855407714844e-05  |
|        9        | 75 |        17       |               [2, 3, 4, 5]               |      4      | 4.100799560546875e-05  |
|        10       | 12 |        9        |                  [2, 3]                  |      2      | 2.8133392333984375e-05 |
|        10       | 25 |        11       |                [2, 3, 4]                 |      3      | 3.695487976074219e-05  |
|        10       | 50 |        18       |                [2, 3, 4]                 |      3      | 4.601478576660156e-05  |
|        10       | 75 |        24       |               [2, 3, 4, 5]               |      4      | 5.2928924560546875e-05 |
|        11       | 12 |        10       |                  [2, 3]                  |      2      | 3.314018249511719e-05  |
|        11       | 25 |        12       |                  [2, 3]                  |      2      | 3.2901763916015625e-05 |
|        11       | 50 |        19       |                [2, 3, 4]                 |      3      | 4.506111145019531e-05  |
|        11       | 75 |        27       |               [2, 3, 4, 5]               |      4      | 6.508827209472656e-05  |
|        12       | 12 |        11       |                  [2, 3]                  |      2      | 3.719329833984375e-05  |
|        12       | 25 |        15       |                [2, 3, 4]                 |      3      | 4.506111145019531e-05  |
|        12       | 50 |        28       |               [2, 3, 4, 5]               |      4      | 7.605552673339844e-05  |
|        12       | 75 |        39       |             [2, 3, 4, 5, 6]              |      5      | 0.00010323524475097656 |
|        13       | 12 |        12       |                  [2, 3]                  |      2      | 3.790855407714844e-05  |
|        13       | 25 |        18       |                [2, 3, 4]                 |      3      | 5.2928924560546875e-05 |
|        13       | 50 |        32       |               [2, 3, 4, 5]               |      4      | 7.605552673339844e-05  |
|        13       | 75 |        42       |            [2, 3, 4, 5, 6, 7]            |      6      | 9.012222290039062e-05  |
|        14       | 12 |        13       |                  [2, 3]                  |      2      | 4.220008850097656e-05  |
|        14       | 25 |        20       |                [2, 3, 4]                 |      3      |    6.103515625e-05     |
|        14       | 50 |        33       |               [2, 3, 4, 5]               |      4      | 9.799003601074219e-05  |
|        14       | 75 |        45       |               [2, 3, 4, 5]               |      4      | 0.00011706352233886719 |
|        15       | 12 |        14       |                  [2, 3]                  |      2      | 5.1975250244140625e-05 |
|        15       | 25 |        25       |                [2, 3, 4]                 |      3      | 6.508827209472656e-05  |
|        15       | 50 |        44       |               [2, 3, 4, 5]               |      4      | 0.00010013580322265625 |
|        15       | 75 |        56       |            [2, 3, 4, 5, 6, 7]            |      6      | 0.00014472007751464844 |
|        16       | 12 |        15       |                  [2, 3]                  |      2      | 5.0067901611328125e-05 |
|        16       | 25 |        29       |                [2, 3, 4]                 |      3      | 7.605552673339844e-05  |
|        16       | 50 |        49       |               [2, 3, 4, 5]               |      4      | 0.00011920928955078125 |
|        16       | 75 |        62       |             [2, 3, 4, 5, 6]              |      5      | 0.00015592575073242188 |
|        17       | 12 |        16       |                  [2, 3]                  |      2      | 5.626678466796875e-05  |
|        17       | 25 |        32       |                [2, 3, 4]                 |      3      | 8.702278137207031e-05  |
|        17       | 50 |        55       |             [2, 3, 4, 5, 6]              |      5      |  0.000125885009765625  |
|        17       | 75 |        72       |            [2, 3, 4, 5, 6, 7]            |      6      | 0.00017023086547851562 |
|        18       | 12 |        17       |                  [2, 3]                  |      2      |  6.29425048828125e-05  |
|        18       | 25 |        34       |                [2, 3, 4]                 |      3      | 9.799003601074219e-05  |
|        18       | 50 |        58       |               [2, 3, 4, 5]               |      4      | 0.0001399517059326172  |
|        18       | 75 |        73       |             [2, 3, 4, 5, 6]              |      5      | 0.00017309188842773438 |
|        19       | 12 |        20       |                [2, 3, 4]                 |      3      | 7.605552673339844e-05  |
|        19       | 25 |        37       |                [2, 3, 4]                 |      3      | 0.00010204315185546875 |
|        19       | 50 |        66       |               [2, 3, 4, 5]               |      4      | 0.00016570091247558594 |
|        19       | 75 |        89       |             [2, 3, 4, 5, 6]              |      5      | 0.0002181529998779297  |
|        20       | 12 |        21       |                [2, 3, 4]                 |      3      | 8.916854858398438e-05  |
|        20       | 25 |        44       |               [2, 3, 4, 5]               |      4      | 0.00011801719665527344 |
|        20       | 50 |        76       |             [2, 3, 4, 5, 6]              |      5      | 0.00018596649169921875 |
|        20       | 75 |        99       |          [2, 3, 4, 5, 6, 7, 8]           |      7      | 0.00023603439331054688 |
|        21       | 12 |        25       |                [2, 3, 4]                 |      3      | 9.608268737792969e-05  |
|        21       | 25 |        48       |               [2, 3, 4, 5]               |      4      | 0.00015211105346679688 |
|        21       | 50 |        78       |             [2, 3, 4, 5, 6]              |      5      | 0.0023229122161865234  |
|        21       | 75 |       113       |            [2, 3, 4, 5, 6, 7]            |      6      | 0.0008251667022705078  |
|        22       | 12 |        27       |                [2, 3, 4]                 |      3      | 0.00028014183044433594 |
|        22       | 25 |        52       |                [2, 3, 4]                 |      3      | 0.0003666877746582031  |
|        22       | 50 |        95       |             [2, 3, 4, 5, 6]              |      5      |  0.000827789306640625  |
|        22       | 75 |       130       |            [2, 3, 4, 5, 6, 7]            |      6      | 0.0010981559753417969  |
|        23       | 12 |        29       |                [2, 3, 4]                 |      3      | 0.0002968311309814453  |
|        23       | 25 |        57       |               [2, 3, 4, 5]               |      4      | 0.00045180320739746094 |
|        23       | 50 |       100       |             [2, 3, 4, 5, 6]              |      5      | 0.0006306171417236328  |
|        23       | 75 |       135       |            [2, 3, 4, 5, 6, 7]            |      6      | 0.0004253387451171875  |
|        24       | 12 |        33       |               [2, 3, 4, 5]               |      4      |  0.000141143798828125  |
|        24       | 25 |        63       |               [2, 3, 4, 5]               |      4      | 0.00018787384033203125 |
|        24       | 50 |       112       |             [2, 3, 4, 5, 6]              |      5      | 0.0003502368927001953  |
|        24       | 75 |       140       |            [2, 3, 4, 5, 6, 7]            |      6      |  0.00051116943359375   |
|        25       | 12 |        35       |                [2, 3, 4]                 |      3      | 0.00012183189392089844 |
|        25       | 25 |        71       |               [2, 3, 4, 5]               |      4      | 0.0001919269561767578  |
|        25       | 50 |       123       |            [2, 3, 4, 5, 6, 7]            |      6      |  0.00049591064453125   |
|        25       | 75 |       168       |          [2, 3, 4, 5, 6, 7, 8]           |      7      | 0.0006220340728759766  |
|        26       | 12 |        37       |                [2, 3, 4]                 |      3      | 0.00013589859008789062 |
|        26       | 25 |        75       |               [2, 3, 4, 5]               |      4      | 0.0002167224884033203  |
|        26       | 50 |       132       |             [2, 3, 4, 5, 6]              |      5      | 0.00035834312438964844 |
|        26       | 75 |       170       |            [2, 3, 4, 5, 6, 7]            |      6      | 0.0005199909210205078  |
|        27       | 12 |        41       |                [2, 3, 4]                 |      3      | 0.00015783309936523438 |
|        27       | 25 |        80       |               [2, 3, 4, 5]               |      4      |  0.000225067138671875  |
|        27       | 50 |       136       |             [2, 3, 4, 5, 6]              |      5      |  0.00037384033203125   |
|        27       | 75 |       181       |            [2, 3, 4, 5, 6, 7]            |      6      |  0.000621795654296875  |
|        28       | 12 |        40       |                [2, 3, 4]                 |      3      | 0.00016307830810546875 |
|        28       | 25 |        82       |               [2, 3, 4, 5]               |      4      | 0.00026607513427734375 |
|        28       | 50 |       144       |               [2, 3, 4, 5]               |      4      | 0.00039887428283691406 |
|        28       | 75 |       195       |          [2, 3, 4, 5, 6, 7, 8]           |      7      | 0.0008082389831542969  |
|        29       | 12 |        47       |                [2, 3, 4]                 |      3      | 0.0001850128173828125  |
|        29       | 25 |        89       |             [2, 3, 4, 5, 6]              |      5      | 0.0003440380096435547  |
|        29       | 50 |       164       |             [2, 3, 4, 5, 6]              |      5      | 0.0005109310150146484  |
|        29       | 75 |       216       |          [2, 3, 4, 5, 6, 7, 8]           |      7      | 0.0008320808410644531  |
|        30       | 12 |        51       |                [2, 3, 4]                 |      3      | 0.00018215179443359375 |
|        30       | 25 |        97       |               [2, 3, 4, 5]               |      4      | 0.0002758502960205078  |
|        30       | 50 |       173       |             [2, 3, 4, 5, 6]              |      5      | 0.0005047321319580078  |
|        30       | 75 |       224       |            [2, 3, 4, 5, 6, 7]            |      6      | 0.0008981227874755859  |
|        31       | 12 |        52       |                [2, 3, 4]                 |      3      |    0.00018310546875    |
|        31       | 25 |       107       |               [2, 3, 4, 5]               |      4      | 0.0003058910369873047  |
|        31       | 50 |       193       |             [2, 3, 4, 5, 6]              |      5      | 0.0005507469177246094  |
|        31       | 75 |       244       |            [2, 3, 4, 5, 6, 7]            |      6      | 0.0009012222290039062  |
|        32       | 12 |        53       |                [2, 3, 4]                 |      3      | 0.00018787384033203125 |
|        32       | 25 |       108       |             [2, 3, 4, 5, 6]              |      5      | 0.0003566741943359375  |
|        32       | 50 |       198       |            [2, 3, 4, 5, 6, 7]            |      6      | 0.0006439685821533203  |
|        32       | 75 |       271       |          [2, 3, 4, 5, 6, 7, 8]           |      7      |   0.0012969970703125   |
|        33       | 12 |        59       |               [2, 3, 4, 5]               |      4      |   0.0002288818359375   |
|        33       | 25 |       121       |             [2, 3, 4, 5, 6]              |      5      | 0.0004620552062988281  |
|        33       | 50 |       207       |            [2, 3, 4, 5, 6, 7]            |      6      | 0.0006899833679199219  |
|        33       | 75 |       274       |          [2, 3, 4, 5, 6, 7, 8]           |      7      | 0.0012669563293457031  |
|        34       | 12 |        64       |                [2, 3, 4]                 |      3      | 0.00022792816162109375 |
|        34       | 25 |       120       |             [2, 3, 4, 5, 6]              |      5      | 0.0003581047058105469  |
|        34       | 50 |       227       |            [2, 3, 4, 5, 6, 7]            |      6      | 0.0007460117340087891  |
|        34       | 75 |       296       |         [2, 3, 4, 5, 6, 7, 8, 9]         |      8      | 0.0013718605041503906  |
|        35       | 12 |        71       |                [2, 3, 4]                 |      3      | 0.0002448558807373047  |
|        35       | 25 |       134       |               [2, 3, 4, 5]               |      4      | 0.00041294097900390625 |
|        35       | 50 |       235       |            [2, 3, 4, 5, 6, 7]            |      6      | 0.0009210109710693359  |
|        35       | 75 |       311       |            [2, 3, 4, 5, 6, 7]            |      6      | 0.0013561248779296875  |
|        36       | 12 |        72       |               [2, 3, 4, 5]               |      4      | 0.0003180503845214844  |
|        36       | 25 |       143       |             [2, 3, 4, 5, 6]              |      5      | 0.0005099773406982422  |
|        36       | 50 |       253       |             [2, 3, 4, 5, 6]              |      5      | 0.0009019374847412109  |
|        36       | 75 |       337       |          [2, 3, 4, 5, 6, 7, 8]           |      7      |     0.001708984375     |
|        37       | 12 |        72       |                [2, 3, 4]                 |      3      | 0.0002620220184326172  |
|        37       | 25 |       150       |               [2, 3, 4, 5]               |      4      | 0.00047707557678222656 |
|        37       | 50 |       267       |             [2, 3, 4, 5, 6]              |      5      |  0.001035928726196289  |
|        37       | 75 |       351       |          [2, 3, 4, 5, 6, 7, 8]           |      7      | 0.0018007755279541016  |
|        38       | 12 |        82       |               [2, 3, 4, 5]               |      4      | 0.00036716461181640625 |
|        38       | 25 |       167       |               [2, 3, 4, 5]               |      4      | 0.0005021095275878906  |
|        38       | 50 |       291       |            [2, 3, 4, 5, 6, 7]            |      6      | 0.0011169910430908203  |
|        38       | 75 |       382       |         [2, 3, 4, 5, 6, 7, 8, 9]         |      8      | 0.0020189285278320312  |
|        39       | 12 |        84       |               [2, 3, 4, 5]               |      4      | 0.00037097930908203125 |
|        39       | 25 |       169       |               [2, 3, 4, 5]               |      4      | 0.0005238056182861328  |
|        39       | 50 |       289       |            [2, 3, 4, 5, 6, 7]            |      6      | 0.0011830329895019531  |
|        39       | 75 |       382       |          [2, 3, 4, 5, 6, 7, 8]           |      7      |  0.001811981201171875  |
|        40       | 12 |        90       |                [2, 3, 4]                 |      3      | 0.0003311634063720703  |
|        40       | 25 |       173       |               [2, 3, 4, 5]               |      4      |  0.00055694580078125   |
|        40       | 50 |       298       |            [2, 3, 4, 5, 6, 7]            |      6      | 0.0014202594757080078  |
|        40       | 75 |       409       |          [2, 3, 4, 5, 6, 7, 8]           |      7      | 0.0019130706787109375  |
|        41       | 12 |        92       |               [2, 3, 4, 5]               |      4      | 0.00041103363037109375 |
|        41       | 25 |       186       |               [2, 3, 4, 5]               |      4      | 0.0005812644958496094  |
|        41       | 50 |       328       |            [2, 3, 4, 5, 6, 7]            |      6      | 0.0014109611511230469  |
|        41       | 75 |       444       |          [2, 3, 4, 5, 6, 7, 8]           |      7      |  0.002496957778930664  |
|        42       | 12 |       100       |               [2, 3, 4, 5]               |      4      | 0.00045800209045410156 |
|        42       | 25 |       195       |               [2, 3, 4, 5]               |      4      | 0.0006639957427978516  |
|        42       | 50 |       337       |            [2, 3, 4, 5, 6, 7]            |      6      | 0.0015087127685546875  |
|        42       | 75 |       465       |         [2, 3, 4, 5, 6, 7, 8, 9]         |      8      |  0.00310516357421875   |
|        43       | 12 |       104       |               [2, 3, 4, 5]               |      4      | 0.0005230903625488281  |
|        43       | 25 |       208       |               [2, 3, 4, 5]               |      4      | 0.0006690025329589844  |
|        43       | 50 |       354       |            [2, 3, 4, 5, 6, 7]            |      6      | 0.0014519691467285156  |
|        43       | 75 |       478       |          [2, 3, 4, 5, 6, 7, 8]           |      7      |  0.003055095672607422  |
|        44       | 12 |       106       |               [2, 3, 4, 5]               |      4      | 0.0005598068237304688  |
|        44       | 25 |       210       |               [2, 3, 4, 5]               |      4      | 0.0006680488586425781  |
|        44       | 50 |       370       |             [2, 3, 4, 5, 6]              |      5      | 0.0015058517456054688  |
|        44       | 75 |       499       |          [2, 3, 4, 5, 6, 7, 8]           |      7      | 0.0029706954956054688  |
|        45       | 12 |       109       |               [2, 3, 4, 5]               |      4      | 0.0004627704620361328  |
|        45       | 25 |       220       |               [2, 3, 4, 5]               |      4      | 0.0006651878356933594  |
|        45       | 50 |       394       |            [2, 3, 4, 5, 6, 7]            |      6      | 0.0016291141510009766  |
|        45       | 75 |       533       |          [2, 3, 4, 5, 6, 7, 8]           |      7      |  0.003493785858154297  |
|        46       | 12 |       118       |               [2, 3, 4, 5]               |      4      | 0.0005331039428710938  |
|        46       | 25 |       232       |               [2, 3, 4, 5]               |      4      | 0.0007600784301757812  |
|        46       | 50 |       409       |            [2, 3, 4, 5, 6, 7]            |      6      | 0.0018961429595947266  |
|        46       | 75 |       546       |          [2, 3, 4, 5, 6, 7, 8]           |      7      | 0.0036911964416503906  |
|        47       | 12 |       123       |               [2, 3, 4, 5]               |      4      | 0.0004711151123046875  |
|        47       | 25 |       240       |             [2, 3, 4, 5, 6]              |      5      |  0.001039266586303711  |
|        47       | 50 |       430       |            [2, 3, 4, 5, 6, 7]            |      6      | 0.0018918514251708984  |
|        47       | 75 |       565       |         [2, 3, 4, 5, 6, 7, 8, 9]         |      8      | 0.0039370059967041016  |
|        48       | 12 |       131       |               [2, 3, 4, 5]               |      4      | 0.0005488395690917969  |
|        48       | 25 |       254       |             [2, 3, 4, 5, 6]              |      5      | 0.0008540153503417969  |
|        48       | 50 |       453       |          [2, 3, 4, 5, 6, 7, 8]           |      7      | 0.0020227432250976562  |
|        48       | 75 |       597       |          [2, 3, 4, 5, 6, 7, 8]           |      7      |  0.003931999206542969  |
|        49       | 12 |       137       |               [2, 3, 4, 5]               |      4      | 0.0005879402160644531  |
|        49       | 25 |       267       |               [2, 3, 4, 5]               |      4      | 0.0009207725524902344  |
|        49       | 50 |       477       |            [2, 3, 4, 5, 6, 7]            |      6      |  0.002191781997680664  |
|        49       | 75 |       643       |          [2, 3, 4, 5, 6, 7, 8]           |      7      |  0.004580020904541016  |
|        50       | 12 |       141       |               [2, 3, 4, 5]               |      4      | 0.0005252361297607422  |
|        50       | 25 |       268       |             [2, 3, 4, 5, 6]              |      5      |  0.001024007797241211  |
|        50       | 50 |       487       |            [2, 3, 4, 5, 6, 7]            |      6      | 0.0025408267974853516  |
|        50       | 75 |       647       |         [2, 3, 4, 5, 6, 7, 8, 9]         |      8      |  0.005035877227783203  |
|        51       | 12 |       147       |               [2, 3, 4, 5]               |      4      | 0.0005419254302978516  |
|        51       | 25 |       286       |             [2, 3, 4, 5, 6]              |      5      | 0.0012290477752685547  |
|        51       | 50 |       511       |          [2, 3, 4, 5, 6, 7, 8]           |      7      |  0.002627134323120117  |
|        51       | 75 |       689       |         [2, 3, 4, 5, 6, 7, 8, 9]         |      8      | 0.0057909488677978516  |
|        52       | 12 |       152       |               [2, 3, 4, 5]               |      4      | 0.0005791187286376953  |
|        52       | 25 |       295       |               [2, 3, 4, 5]               |      4      | 0.0010287761688232422  |
|        52       | 50 |       532       |            [2, 3, 4, 5, 6, 7]            |      6      |  0.002962350845336914  |
|        52       | 75 |       706       |       [2, 3, 4, 5, 6, 7, 8, 9, 10]       |      9      |  0.006735801696777344  |
|        53       | 12 |       154       |               [2, 3, 4, 5]               |      4      | 0.0006537437438964844  |
|        53       | 25 |       295       |             [2, 3, 4, 5, 6]              |      5      | 0.0011107921600341797  |
|        53       | 50 |       549       |            [2, 3, 4, 5, 6, 7]            |      6      | 0.0028641223907470703  |
|        53       | 75 |       728       |         [2, 3, 4, 5, 6, 7, 8, 9]         |      8      |  0.00633692741394043   |
|        54       | 12 |       160       |               [2, 3, 4, 5]               |      4      | 0.0007300376892089844  |
|        54       | 25 |       313       |             [2, 3, 4, 5, 6]              |      5      | 0.0011451244354248047  |
|        54       | 50 |       579       |            [2, 3, 4, 5, 6, 7]            |      6      | 0.0029401779174804688  |
|        54       | 75 |       772       |         [2, 3, 4, 5, 6, 7, 8, 9]         |      8      |  0.007062196731567383  |
|        55       | 12 |       164       |               [2, 3, 4, 5]               |      4      | 0.0007460117340087891  |
|        55       | 25 |       322       |             [2, 3, 4, 5, 6]              |      5      | 0.0014181137084960938  |
|        55       | 50 |       593       |            [2, 3, 4, 5, 6, 7]            |      6      |  0.002602100372314453  |
|        55       | 75 |       791       |     [2, 3, 4, 5, 6, 7, 8, 9, 10, 11]     |      10     | 0.0075321197509765625  |
|        56       | 12 |       174       |               [2, 3, 4, 5]               |      4      | 0.0007359981536865234  |
|        56       | 25 |       340       |               [2, 3, 4, 5]               |      4      | 0.0011610984802246094  |
|        56       | 50 |       615       |            [2, 3, 4, 5, 6, 7]            |      6      |  0.003303050994873047  |
|        56       | 75 |       830       |          [2, 3, 4, 5, 6, 7, 8]           |      7      |  0.008043050765991211  |
|        57       | 12 |       181       |               [2, 3, 4, 5]               |      4      | 0.0007722377777099609  |
|        57       | 25 |       353       |             [2, 3, 4, 5, 6]              |      5      |  0.001360177993774414  |
|        57       | 50 |       639       |          [2, 3, 4, 5, 6, 7, 8]           |      7      |  0.003537893295288086  |
|        57       | 75 |       847       |         [2, 3, 4, 5, 6, 7, 8, 9]         |      8      |  0.008130073547363281  |
|        58       | 12 |       189       |               [2, 3, 4, 5]               |      4      | 0.0008640289306640625  |
|        58       | 25 |       374       |             [2, 3, 4, 5, 6]              |      5      |  0.001415252685546875  |
|        58       | 50 |       662       |            [2, 3, 4, 5, 6, 7]            |      6      | 0.0035839080810546875  |
|        58       | 75 |       885       |         [2, 3, 4, 5, 6, 7, 8, 9]         |      8      |  0.009620904922485352  |
|        59       | 12 |       195       |               [2, 3, 4, 5]               |      4      | 0.0007801055908203125  |
|        59       | 25 |       381       |               [2, 3, 4, 5]               |      4      | 0.0013370513916015625  |
|        59       | 50 |       674       |            [2, 3, 4, 5, 6, 7]            |      6      |  0.003439188003540039  |
|        59       | 75 |       900       |         [2, 3, 4, 5, 6, 7, 8, 9]         |      8      |  0.008616924285888672  |
|        60       | 12 |       204       |               [2, 3, 4, 5]               |      4      | 0.0007750988006591797  |
|        60       | 25 |       393       |             [2, 3, 4, 5, 6]              |      5      | 0.0015988349914550781  |
|        60       | 50 |       701       |          [2, 3, 4, 5, 6, 7, 8]           |      7      |  0.003956794738769531  |
|        60       | 75 |       928       |         [2, 3, 4, 5, 6, 7, 8, 9]         |      8      |  0.009031057357788086  |
|        61       | 12 |       211       |               [2, 3, 4, 5]               |      4      | 0.0008451938629150391  |
|        61       | 25 |       403       |             [2, 3, 4, 5, 6]              |      5      | 0.0016007423400878906  |
|        61       | 50 |       722       |          [2, 3, 4, 5, 6, 7, 8]           |      7      | 0.0038862228393554688  |
|        61       | 75 |       969       |       [2, 3, 4, 5, 6, 7, 8, 9, 10]       |      9      |  0.011289119720458984  |
|        62       | 12 |       216       |               [2, 3, 4, 5]               |      4      | 0.0008552074432373047  |
|        62       | 25 |       423       |             [2, 3, 4, 5, 6]              |      5      | 0.0017228126525878906  |
|        62       | 50 |       740       |            [2, 3, 4, 5, 6, 7]            |      6      |  0.004034996032714844  |
|        62       | 75 |       1001      |         [2, 3, 4, 5, 6, 7, 8, 9]         |      8      |  0.010621070861816406  |
|        63       | 12 |       222       |               [2, 3, 4, 5]               |      4      | 0.0011279582977294922  |
|        63       | 25 |       435       |             [2, 3, 4, 5, 6]              |      5      |   0.0019073486328125   |
|        63       | 50 |       765       |          [2, 3, 4, 5, 6, 7, 8]           |      7      |  0.00444793701171875   |
|        63       | 75 |       1027      |       [2, 3, 4, 5, 6, 7, 8, 9, 10]       |      9      |  0.012855052947998047  |
|        64       | 12 |       226       |               [2, 3, 4, 5]               |      4      | 0.0010018348693847656  |
|        64       | 25 |       448       |             [2, 3, 4, 5, 6]              |      5      | 0.0020990371704101562  |
|        64       | 50 |       792       |            [2, 3, 4, 5, 6, 7]            |      6      |  0.004427909851074219  |
|        64       | 75 |       1061      |         [2, 3, 4, 5, 6, 7, 8, 9]         |      8      |  0.01265716552734375   |
|        65       | 12 |       235       |               [2, 3, 4, 5]               |      4      |  0.000993967056274414  |
|        65       | 25 |       458       |             [2, 3, 4, 5, 6]              |      5      | 0.0020401477813720703  |
|        65       | 50 |       820       |            [2, 3, 4, 5, 6, 7]            |      6      |  0.005207061767578125  |
|        65       | 75 |       1112      |         [2, 3, 4, 5, 6, 7, 8, 9]         |      8      |  0.015538215637207031  |
|        66       | 12 |       243       |               [2, 3, 4, 5]               |      4      | 0.0010480880737304688  |
|        66       | 25 |       473       |             [2, 3, 4, 5, 6]              |      5      |  0.00214385986328125   |
|        66       | 50 |       847       |          [2, 3, 4, 5, 6, 7, 8]           |      7      |  0.005621910095214844  |
|        66       | 75 |       1141      |         [2, 3, 4, 5, 6, 7, 8, 9]         |      8      |  0.014569997787475586  |
|        67       | 12 |       251       |               [2, 3, 4, 5]               |      4      |  0.00096893310546875   |
|        67       | 25 |       486       |             [2, 3, 4, 5, 6]              |      5      | 0.0021038055419921875  |
|        67       | 50 |       868       |            [2, 3, 4, 5, 6, 7]            |      6      | 0.0054509639739990234  |
|        67       | 75 |       1178      |         [2, 3, 4, 5, 6, 7, 8, 9]         |      8      |  0.01580023765563965   |
|        68       | 12 |       257       |               [2, 3, 4, 5]               |      4      | 0.0009849071502685547  |
|        68       | 25 |       496       |             [2, 3, 4, 5, 6]              |      5      |  0.002068042755126953  |
|        68       | 50 |       881       |            [2, 3, 4, 5, 6, 7]            |      6      |  0.005349874496459961  |
|        68       | 75 |       1202      |         [2, 3, 4, 5, 6, 7, 8, 9]         |      8      |  0.017074108123779297  |
|        69       | 12 |       265       |               [2, 3, 4, 5]               |      4      | 0.0011630058288574219  |
|        69       | 25 |       504       |             [2, 3, 4, 5, 6]              |      5      | 0.0025479793548583984  |
|        69       | 50 |       903       |          [2, 3, 4, 5, 6, 7, 8]           |      7      |  0.006116151809692383  |
|        69       | 75 |       1219      |       [2, 3, 4, 5, 6, 7, 8, 9, 10]       |      9      |  0.01818704605102539   |
|        70       | 12 |       269       |               [2, 3, 4, 5]               |      4      | 0.0011379718780517578  |
|        70       | 25 |       527       |             [2, 3, 4, 5, 6]              |      5      | 0.0023610591888427734  |
|        70       | 50 |       928       |            [2, 3, 4, 5, 6, 7]            |      6      |  0.005419731140136719  |
|        70       | 75 |       1244      |         [2, 3, 4, 5, 6, 7, 8, 9]         |      8      |  0.015423774719238281  |
|        71       | 12 |       284       |               [2, 3, 4, 5]               |      4      | 0.0012390613555908203  |
|        71       | 25 |       543       |             [2, 3, 4, 5, 6]              |      5      |  0.002382993698120117  |
|        71       | 50 |       973       |          [2, 3, 4, 5, 6, 7, 8]           |      7      |  0.007626056671142578  |
|        71       | 75 |       1314      |         [2, 3, 4, 5, 6, 7, 8, 9]         |      8      |  0.020429134368896484  |
|        72       | 12 |       284       |               [2, 3, 4, 5]               |      4      | 0.0010750293731689453  |
|        72       | 25 |       553       |            [2, 3, 4, 5, 6, 7]            |      6      |  0.002919912338256836  |
|        72       | 50 |       996       |            [2, 3, 4, 5, 6, 7]            |      6      |    0.0067138671875     |
|        72       | 75 |       1341      |         [2, 3, 4, 5, 6, 7, 8, 9]         |      8      |  0.019510984420776367  |
|        73       | 12 |       293       |               [2, 3, 4, 5]               |      4      | 0.0011391639709472656  |
|        73       | 25 |       573       |             [2, 3, 4, 5, 6]              |      5      |  0.002273082733154297  |
|        73       | 50 |       1029      |          [2, 3, 4, 5, 6, 7, 8]           |      7      |  0.007509946823120117  |
|        73       | 75 |       1398      |       [2, 3, 4, 5, 6, 7, 8, 9, 10]       |      9      |  0.024370908737182617  |
|        74       | 12 |       306       |               [2, 3, 4, 5]               |      4      | 0.0012428760528564453  |
|        74       | 25 |       597       |             [2, 3, 4, 5, 6]              |      5      | 0.0027039051055908203  |
|        74       | 50 |       1053      |          [2, 3, 4, 5, 6, 7, 8]           |      7      |  0.008582353591918945  |
|        74       | 75 |       1416      |       [2, 3, 4, 5, 6, 7, 8, 9, 10]       |      9      |  0.02224111557006836   |
|        75       | 12 |       319       |               [2, 3, 4, 5]               |      4      | 0.0013651847839355469  |
|        75       | 25 |       623       |             [2, 3, 4, 5, 6]              |      5      | 0.0029480457305908203  |
|        75       | 50 |       1085      |          [2, 3, 4, 5, 6, 7, 8]           |      7      |  0.008583784103393555  |
|        75       | 75 |       1465      |         [2, 3, 4, 5, 6, 7, 8, 9]         |      8      |  0.02409529685974121   |
|        76       | 12 |       321       |               [2, 3, 4, 5]               |      4      |  0.001355886459350586  |
|        76       | 25 |       635       |             [2, 3, 4, 5, 6]              |      5      | 0.0030829906463623047  |
|        76       | 50 |       1125      |            [2, 3, 4, 5, 6, 7]            |      6      |  0.008111953735351562  |
|        76       | 75 |       1506      |          [2, 3, 4, 5, 6, 7, 8]           |      7      |  0.026521682739257812  |
|        77       | 12 |       328       |               [2, 3, 4, 5]               |      4      | 0.0013360977172851562  |
|        77       | 25 |       653       |            [2, 3, 4, 5, 6, 7]            |      6      | 0.0027608871459960938  |
|        77       | 50 |       1160      |         [2, 3, 4, 5, 6, 7, 8, 9]         |      8      |  0.008764982223510742  |
|        77       | 75 |       1540      |       [2, 3, 4, 5, 6, 7, 8, 9, 10]       |      9      |  0.027022123336791992  |
|        78       | 12 |       342       |               [2, 3, 4, 5]               |      4      | 0.0013871192932128906  |
|        78       | 25 |       668       |             [2, 3, 4, 5, 6]              |      5      |  0.002908945083618164  |
|        78       | 50 |       1176      |            [2, 3, 4, 5, 6, 7]            |      6      |  0.008452177047729492  |
|        78       | 75 |       1593      |       [2, 3, 4, 5, 6, 7, 8, 9, 10]       |      9      |  0.030204296112060547  |
|        79       | 12 |       351       |               [2, 3, 4, 5]               |      4      | 0.0016148090362548828  |
|        79       | 25 |       683       |             [2, 3, 4, 5, 6]              |      5      | 0.0032949447631835938  |
|        79       | 50 |       1201      |          [2, 3, 4, 5, 6, 7, 8]           |      7      |  0.01091909408569336   |
|        79       | 75 |       1599      |         [2, 3, 4, 5, 6, 7, 8, 9]         |      8      |  0.027650833129882812  |
|        80       | 12 |       359       |             [2, 3, 4, 5, 6]              |      5      | 0.0023832321166992188  |
|        80       | 25 |       700       |             [2, 3, 4, 5, 6]              |      5      | 0.0034089088439941406  |
|        80       | 50 |       1241      |          [2, 3, 4, 5, 6, 7, 8]           |      7      |  0.010299921035766602  |
|        80       | 75 |       1647      |       [2, 3, 4, 5, 6, 7, 8, 9, 10]       |      9      |  0.033905982971191406  |
|        81       | 12 |       367       |             [2, 3, 4, 5, 6]              |      5      | 0.0017850399017333984  |
|        81       | 25 |       712       |             [2, 3, 4, 5, 6]              |      5      |  0.003362894058227539  |
|        81       | 50 |       1256      |         [2, 3, 4, 5, 6, 7, 8, 9]         |      8      |  0.010376930236816406  |
|        81       | 75 |       1682      |         [2, 3, 4, 5, 6, 7, 8, 9]         |      8      |  0.03160881996154785   |
|        82       | 12 |       376       |               [2, 3, 4, 5]               |      4      | 0.0016188621520996094  |
|        82       | 25 |       735       |             [2, 3, 4, 5, 6]              |      5      |  0.003201007843017578  |
|        82       | 50 |       1296      |          [2, 3, 4, 5, 6, 7, 8]           |      7      |  0.010715007781982422  |
|        82       | 75 |       1716      |       [2, 3, 4, 5, 6, 7, 8, 9, 10]       |      9      |  0.03452491760253906   |
|        83       | 12 |       383       |               [2, 3, 4, 5]               |      4      | 0.0016570091247558594  |
|        83       | 25 |       747       |             [2, 3, 4, 5, 6]              |      5      | 0.0033071041107177734  |
|        83       | 50 |       1322      |          [2, 3, 4, 5, 6, 7, 8]           |      7      |  0.01024174690246582   |
|        83       | 75 |       1776      |       [2, 3, 4, 5, 6, 7, 8, 9, 10]       |      9      |  0.035032033920288086  |
|        84       | 12 |       390       |               [2, 3, 4, 5]               |      4      |  0.001772165298461914  |
|        84       | 25 |       778       |             [2, 3, 4, 5, 6]              |      5      | 0.0036690235137939453  |
|        84       | 50 |       1368      |          [2, 3, 4, 5, 6, 7, 8]           |      7      |  0.011902093887329102  |
|        84       | 75 |       1828      |       [2, 3, 4, 5, 6, 7, 8, 9, 10]       |      9      |  0.037316083908081055  |
|        85       | 12 |       405       |               [2, 3, 4, 5]               |      4      | 0.0019791126251220703  |
|        85       | 25 |       801       |            [2, 3, 4, 5, 6, 7]            |      6      |  0.004033088684082031  |
|        85       | 50 |       1376      |          [2, 3, 4, 5, 6, 7, 8]           |      7      |  0.012014150619506836  |
|        85       | 75 |       1866      |         [2, 3, 4, 5, 6, 7, 8, 9]         |      8      |  0.042530059814453125  |
|        86       | 12 |       423       |               [2, 3, 4, 5]               |      4      | 0.0019681453704833984  |
|        86       | 25 |       812       |             [2, 3, 4, 5, 6]              |      5      |  0.003961086273193359  |
|        86       | 50 |       1435      |          [2, 3, 4, 5, 6, 7, 8]           |      7      |  0.014733076095581055  |
|        86       | 75 |       1932      |         [2, 3, 4, 5, 6, 7, 8, 9]         |      8      |  0.046243906021118164  |
|        87       | 12 |       425       |               [2, 3, 4, 5]               |      4      | 0.0019390583038330078  |
|        87       | 25 |       828       |             [2, 3, 4, 5, 6]              |      5      |  0.004794120788574219  |
|        87       | 50 |       1477      |          [2, 3, 4, 5, 6, 7, 8]           |      7      |  0.01393580436706543   |
|        87       | 75 |       1966      |       [2, 3, 4, 5, 6, 7, 8, 9, 10]       |      9      |  0.04992103576660156   |
|        88       | 12 |       426       |             [2, 3, 4, 5, 6]              |      5      | 0.0021278858184814453  |
|        88       | 25 |       844       |             [2, 3, 4, 5, 6]              |      5      |  0.004140138626098633  |
|        88       | 50 |       1511      |          [2, 3, 4, 5, 6, 7, 8]           |      7      |  0.014286279678344727  |
|        88       | 75 |       2031      |         [2, 3, 4, 5, 6, 7, 8, 9]         |      8      |  0.05237627029418945   |
|        89       | 12 |       438       |               [2, 3, 4, 5]               |      4      | 0.0018928050994873047  |
|        89       | 25 |       860       |            [2, 3, 4, 5, 6, 7]            |      6      |  0.004776954650878906  |
|        89       | 50 |       1560      |          [2, 3, 4, 5, 6, 7, 8]           |      7      |  0.016996145248413086  |
|        89       | 75 |       2068      |       [2, 3, 4, 5, 6, 7, 8, 9, 10]       |      9      |  0.05851483345031738   |
|        90       | 12 |       446       |               [2, 3, 4, 5]               |      4      | 0.0019729137420654297  |
|        90       | 25 |       884       |             [2, 3, 4, 5, 6]              |      5      | 0.0040624141693115234  |
|        90       | 50 |       1578      |          [2, 3, 4, 5, 6, 7, 8]           |      7      |  0.014534950256347656  |
|        90       | 75 |       2120      |       [2, 3, 4, 5, 6, 7, 8, 9, 10]       |      9      |  0.059992074966430664  |
|        91       | 12 |       461       |               [2, 3, 4, 5]               |      4      | 0.0021038055419921875  |
|        91       | 25 |       908       |             [2, 3, 4, 5, 6]              |      5      |  0.004539966583251953  |
|        91       | 50 |       1596      |          [2, 3, 4, 5, 6, 7, 8]           |      7      |  0.014831066131591797  |
|        91       | 75 |       2173      |       [2, 3, 4, 5, 6, 7, 8, 9, 10]       |      9      |  0.06637692451477051   |
|        92       | 12 |       467       |               [2, 3, 4, 5]               |      4      | 0.0022437572479248047  |
|        92       | 25 |       926       |             [2, 3, 4, 5, 6]              |      5      |  0.004260063171386719  |
|        92       | 50 |       1624      |          [2, 3, 4, 5, 6, 7, 8]           |      7      |  0.014490842819213867  |
|        92       | 75 |       2213      |     [2, 3, 4, 5, 6, 7, 8, 9, 10, 11]     |      10     |  0.06759095191955566   |
|        93       | 12 |       480       |               [2, 3, 4, 5]               |      4      |  0.002151012420654297  |
|        93       | 25 |       948       |             [2, 3, 4, 5, 6]              |      5      |  0.00458073616027832   |
|        93       | 50 |       1684      |            [2, 3, 4, 5, 6, 7]            |      6      |   0.0167238712310791   |
|        93       | 75 |       2266      |       [2, 3, 4, 5, 6, 7, 8, 9, 10]       |      9      |  0.06891584396362305   |
|        94       | 12 |       487       |             [2, 3, 4, 5, 6]              |      5      |  0.002992868423461914  |
|        94       | 25 |       972       |             [2, 3, 4, 5, 6]              |      5      |  0.004803657531738281  |
|        94       | 50 |       1710      |         [2, 3, 4, 5, 6, 7, 8, 9]         |      8      |  0.01952505111694336   |
|        94       | 75 |       2317      |       [2, 3, 4, 5, 6, 7, 8, 9, 10]       |      9      |  0.07123208045959473   |
|        95       | 12 |       511       |               [2, 3, 4, 5]               |      4      | 0.0023889541625976562  |
|        95       | 25 |       994       |             [2, 3, 4, 5, 6]              |      5      |  0.004678010940551758  |
|        95       | 50 |       1751      |          [2, 3, 4, 5, 6, 7, 8]           |      7      |  0.019160985946655273  |
|        95       | 75 |       2351      |         [2, 3, 4, 5, 6, 7, 8, 9]         |      8      |  0.07094573974609375   |
|        96       | 12 |       521       |               [2, 3, 4, 5]               |      4      |  0.002496957778930664  |
|        96       | 25 |       1010      |            [2, 3, 4, 5, 6, 7]            |      6      | 0.0056209564208984375  |
|        96       | 50 |       1791      |         [2, 3, 4, 5, 6, 7, 8, 9]         |      8      |  0.02180004119873047   |
|        96       | 75 |       2401      |       [2, 3, 4, 5, 6, 7, 8, 9, 10]       |      9      |  0.08453679084777832   |
|        97       | 12 |       533       |             [2, 3, 4, 5, 6]              |      5      | 0.0033469200134277344  |
|        97       | 25 |       1039      |             [2, 3, 4, 5, 6]              |      5      | 0.0053577423095703125  |
|        97       | 50 |       1819      |          [2, 3, 4, 5, 6, 7, 8]           |      7      |  0.019177913665771484  |
|        97       | 75 |       2438      |       [2, 3, 4, 5, 6, 7, 8, 9, 10]       |      9      |  0.07599592208862305   |
|        98       | 12 |       547       |               [2, 3, 4, 5]               |      4      | 0.0023658275604248047  |
|        98       | 25 |       1073      |             [2, 3, 4, 5, 6]              |      5      |  0.005266904830932617  |
|        98       | 50 |       1888      |          [2, 3, 4, 5, 6, 7, 8]           |      7      |  0.022568941116333008  |
|        98       | 75 |       2523      |         [2, 3, 4, 5, 6, 7, 8, 9]         |      8      |  0.08742499351501465   |
|        99       | 12 |       552       |             [2, 3, 4, 5, 6]              |      5      |  0.003665924072265625  |
|        99       | 25 |       1077      |            [2, 3, 4, 5, 6, 7]            |      6      |  0.007077217102050781  |
|        99       | 50 |       1915      |          [2, 3, 4, 5, 6, 7, 8]           |      7      |  0.022349119186401367  |
|        99       | 75 |       2549      |     [2, 3, 4, 5, 6, 7, 8, 9, 10, 11]     |      10     |  0.08850884437561035   |
|       100       | 12 |       567       |               [2, 3, 4, 5]               |      4      | 0.0027511119842529297  |
|       100       | 25 |       1109      |            [2, 3, 4, 5, 6, 7]            |      6      |  0.006373882293701172  |
|       100       | 50 |       1975      |          [2, 3, 4, 5, 6, 7, 8]           |      7      |  0.022171974182128906  |
|       100       | 75 |       2601      |         [2, 3, 4, 5, 6, 7, 8, 9]         |      8      |  0.08938121795654297   |
|       101       | 12 |       569       |               [2, 3, 4, 5]               |      4      | 0.0025992393493652344  |
|       101       | 25 |       1107      |             [2, 3, 4, 5, 6]              |      5      |  0.006052970886230469  |
|       101       | 50 |       1995      |          [2, 3, 4, 5, 6, 7, 8]           |      7      |  0.022954940795898438  |
|       101       | 75 |       2648      |       [2, 3, 4, 5, 6, 7, 8, 9, 10]       |      9      |  0.10003304481506348   |
|       102       | 12 |       586       |               [2, 3, 4, 5]               |      4      |  0.002605915069580078  |
|       102       | 25 |       1144      |             [2, 3, 4, 5, 6]              |      5      | 0.0056879520416259766  |
|       102       | 50 |       2030      |          [2, 3, 4, 5, 6, 7, 8]           |      7      |  0.024451017379760742  |
|       102       | 75 |       2683      |         [2, 3, 4, 5, 6, 7, 8, 9]         |      8      |  0.09560084342956543   |
|       103       | 12 |       593       |               [2, 3, 4, 5]               |      4      | 0.0028879642486572266  |
|       103       | 25 |       1160      |             [2, 3, 4, 5, 6]              |      5      |  0.006066799163818359  |
|       103       | 50 |       2084      |          [2, 3, 4, 5, 6, 7, 8]           |      7      |  0.024173736572265625  |
|       103       | 75 |       2783      |       [2, 3, 4, 5, 6, 7, 8, 9, 10]       |      9      |  0.11064672470092773   |
|       104       | 12 |       609       |               [2, 3, 4, 5]               |      4      |  0.002663850784301758  |
|       104       | 25 |       1189      |             [2, 3, 4, 5, 6]              |      5      | 0.0059549808502197266  |
|       104       | 50 |       2126      |          [2, 3, 4, 5, 6, 7, 8]           |      7      |  0.02642989158630371   |
|       104       | 75 |       2864      |     [2, 3, 4, 5, 6, 7, 8, 9, 10, 11]     |      10     |   0.1250467300415039   |
|       105       | 12 |       622       |             [2, 3, 4, 5, 6]              |      5      | 0.0037910938262939453  |
|       105       | 25 |       1207      |            [2, 3, 4, 5, 6, 7]            |      6      |  0.00845479965209961   |
|       105       | 50 |       2124      |          [2, 3, 4, 5, 6, 7, 8]           |      7      |  0.023643970489501953  |
|       105       | 75 |       2900      |       [2, 3, 4, 5, 6, 7, 8, 9, 10]       |      9      |  0.12402701377868652   |
|       106       | 12 |       637       |               [2, 3, 4, 5]               |      4      | 0.0028989315032958984  |
|       106       | 25 |       1227      |            [2, 3, 4, 5, 6, 7]            |      6      |  0.007791042327880859  |
|       106       | 50 |       2183      |          [2, 3, 4, 5, 6, 7, 8]           |      7      |  0.02978372573852539   |
|       106       | 75 |       2928      |       [2, 3, 4, 5, 6, 7, 8, 9, 10]       |      9      |  0.12402796745300293   |
|       107       | 12 |       649       |               [2, 3, 4, 5]               |      4      | 0.0031621456146240234  |
|       107       | 25 |       1259      |             [2, 3, 4, 5, 6]              |      5      |  0.006329059600830078  |
|       107       | 50 |       2251      |         [2, 3, 4, 5, 6, 7, 8, 9]         |      8      |  0.032553911209106445  |
|       107       | 75 |       3017      |       [2, 3, 4, 5, 6, 7, 8, 9, 10]       |      9      |   0.1490039825439453   |
|       108       | 12 |       659       |             [2, 3, 4, 5, 6]              |      5      |  0.004002094268798828  |
|       108       | 25 |       1291      |            [2, 3, 4, 5, 6, 7]            |      6      |  0.008588075637817383  |
|       108       | 50 |       2274      |          [2, 3, 4, 5, 6, 7, 8]           |      7      |  0.02909398078918457   |
|       108       | 75 |       3046      |       [2, 3, 4, 5, 6, 7, 8, 9, 10]       |      9      |  0.13993597030639648   |
|       109       | 12 |       665       |             [2, 3, 4, 5, 6]              |      5      | 0.0038309097290039062  |
|       109       | 25 |       1304      |            [2, 3, 4, 5, 6, 7]            |      6      |  0.008526802062988281  |
|       109       | 50 |       2324      |         [2, 3, 4, 5, 6, 7, 8, 9]         |      8      |  0.03526592254638672   |
|       109       | 75 |       3084      |       [2, 3, 4, 5, 6, 7, 8, 9, 10]       |      9      |  0.14223599433898926   |
|       110       | 12 |       679       |               [2, 3, 4, 5]               |      4      |  0.003331899642944336  |
|       110       | 25 |       1336      |             [2, 3, 4, 5, 6]              |      5      |  0.007164955139160156  |
|       110       | 50 |       2352      |          [2, 3, 4, 5, 6, 7, 8]           |      7      |  0.03159499168395996   |
|       110       | 75 |       3150      |       [2, 3, 4, 5, 6, 7, 8, 9, 10]       |      9      |  0.15306401252746582   |
|       111       | 12 |       691       |               [2, 3, 4, 5]               |      4      |  0.003381013870239258  |
|       111       | 25 |       1347      |             [2, 3, 4, 5, 6]              |      5      | 0.0071871280670166016  |
|       111       | 50 |       2388      |         [2, 3, 4, 5, 6, 7, 8, 9]         |      8      |  0.035462141036987305  |
|       111       | 75 |       3197      |       [2, 3, 4, 5, 6, 7, 8, 9, 10]       |      9      |  0.15232300758361816   |
|       112       | 12 |       703       |             [2, 3, 4, 5, 6]              |      5      |  0.004084110260009766  |
|       112       | 25 |       1369      |            [2, 3, 4, 5, 6, 7]            |      6      |  0.009654998779296875  |
|       112       | 50 |       2433      |         [2, 3, 4, 5, 6, 7, 8, 9]         |      8      |   0.0373690128326416   |
|       112       | 75 |       3283      |       [2, 3, 4, 5, 6, 7, 8, 9, 10]       |      9      |  0.16133522987365723   |
|       113       | 12 |       705       |               [2, 3, 4, 5]               |      4      |  0.003350973129272461  |
|       113       | 25 |       1398      |             [2, 3, 4, 5, 6]              |      5      |  0.00795888900756836   |
|       113       | 50 |       2475      |          [2, 3, 4, 5, 6, 7, 8]           |      7      |  0.03578901290893555   |
|       113       | 75 |       3300      |       [2, 3, 4, 5, 6, 7, 8, 9, 10]       |      9      |  0.16840076446533203   |
|       114       | 12 |       716       |             [2, 3, 4, 5, 6]              |      5      |  0.00406193733215332   |
|       114       | 25 |       1416      |            [2, 3, 4, 5, 6, 7]            |      6      |  0.009757041931152344  |
|       114       | 50 |       2521      |       [2, 3, 4, 5, 6, 7, 8, 9, 10]       |      9      |  0.03897714614868164   |
|       114       | 75 |       3362      |   [2, 3, 4, 5, 6, 7, 8, 9, 10, 11, 12]   |      11     |   0.1795940399169922   |
|       115       | 12 |       747       |               [2, 3, 4, 5]               |      4      | 0.0039937496185302734  |
|       115       | 25 |       1439      |            [2, 3, 4, 5, 6, 7]            |      6      |  0.009039878845214844  |
|       115       | 50 |       2598      |          [2, 3, 4, 5, 6, 7, 8]           |      7      |  0.03786110877990723   |
|       115       | 75 |       3465      |     [2, 3, 4, 5, 6, 7, 8, 9, 10, 11]     |      10     |   0.1912078857421875   |
|       116       | 12 |       761       |             [2, 3, 4, 5, 6]              |      5      |  0.00501704216003418   |
|       116       | 25 |       1479      |            [2, 3, 4, 5, 6, 7]            |      6      |  0.010828018188476562  |
|       116       | 50 |       2649      |         [2, 3, 4, 5, 6, 7, 8, 9]         |      8      |   0.0410921573638916   |
|       116       | 75 |       3525      |     [2, 3, 4, 5, 6, 7, 8, 9, 10, 11]     |      10     |  0.19628334045410156   |
|       117       | 12 |       769       |             [2, 3, 4, 5, 6]              |      5      |  0.003990888595581055  |
|       117       | 25 |       1511      |            [2, 3, 4, 5, 6, 7]            |      6      |  0.009279012680053711  |
|       117       | 50 |       2679      |       [2, 3, 4, 5, 6, 7, 8, 9, 10]       |      9      |  0.04724001884460449   |
|       117       | 75 |       3576      |     [2, 3, 4, 5, 6, 7, 8, 9, 10, 11]     |      10     |  0.20492076873779297   |
|       118       | 12 |       782       |             [2, 3, 4, 5, 6]              |      5      |  0.004515886306762695  |
|       118       | 25 |       1539      |             [2, 3, 4, 5, 6]              |      5      |  0.00847172737121582   |
|       118       | 50 |       2729      |          [2, 3, 4, 5, 6, 7, 8]           |      7      |  0.04164004325866699   |
|       118       | 75 |       3685      |     [2, 3, 4, 5, 6, 7, 8, 9, 10, 11]     |      10     |  0.23489999771118164   |
|       119       | 12 |       789       |               [2, 3, 4, 5]               |      4      | 0.0037260055541992188  |
|       119       | 25 |       1533      |             [2, 3, 4, 5, 6]              |      5      |  0.008394002914428711  |
|       119       | 50 |       2772      |         [2, 3, 4, 5, 6, 7, 8, 9]         |      8      |  0.04552412033081055   |
|       119       | 75 |       3691      |       [2, 3, 4, 5, 6, 7, 8, 9, 10]       |      9      |  0.22069001197814941   |
|       120       | 12 |       806       |               [2, 3, 4, 5]               |      4      |  0.003901243209838867  |
|       120       | 25 |       1574      |            [2, 3, 4, 5, 6, 7]            |      6      |   0.0095062255859375   |
|       120       | 50 |       2834      |          [2, 3, 4, 5, 6, 7, 8]           |      7      |  0.04302215576171875   |
|       120       | 75 |       3798      |       [2, 3, 4, 5, 6, 7, 8, 9, 10]       |      9      |  0.24981284141540527   |
|       121       | 12 |       821       |             [2, 3, 4, 5, 6]              |      5      |  0.004899740219116211  |
|       121       | 25 |       1609      |             [2, 3, 4, 5, 6]              |      5      |  0.008788108825683594  |
|       121       | 50 |       2860      |          [2, 3, 4, 5, 6, 7, 8]           |      7      |  0.047574758529663086  |
|       121       | 75 |       3820      |       [2, 3, 4, 5, 6, 7, 8, 9, 10]       |      9      |  0.23927021026611328   |
|       122       | 12 |       834       |             [2, 3, 4, 5, 6]              |      5      |  0.004680156707763672  |
|       122       | 25 |       1628      |             [2, 3, 4, 5, 6]              |      5      |  0.009122133255004883  |
|       122       | 50 |       2930      |         [2, 3, 4, 5, 6, 7, 8, 9]         |      8      |  0.048089027404785156  |
|       122       | 75 |       3894      |       [2, 3, 4, 5, 6, 7, 8, 9, 10]       |      9      |   0.2562408447265625   |
|       123       | 12 |       840       |             [2, 3, 4, 5, 6]              |      5      |  0.00609898567199707   |
|       123       | 25 |       1643      |             [2, 3, 4, 5, 6]              |      5      |  0.009217023849487305  |
|       123       | 50 |       2951      |         [2, 3, 4, 5, 6, 7, 8, 9]         |      8      |  0.05110001564025879   |
|       123       | 75 |       3909      |       [2, 3, 4, 5, 6, 7, 8, 9, 10]       |      9      |  0.22919702529907227   |
|       124       | 12 |       858       |             [2, 3, 4, 5, 6]              |      5      |  0.006050825119018555  |
|       124       | 25 |       1685      |            [2, 3, 4, 5, 6, 7]            |      6      |  0.01111912727355957   |
|       124       | 50 |       3008      |         [2, 3, 4, 5, 6, 7, 8, 9]         |      8      |  0.05444216728210449   |
|       124       | 75 |       4018      |       [2, 3, 4, 5, 6, 7, 8, 9, 10]       |      9      |   0.2612600326538086   |
|       125       | 12 |       882       |             [2, 3, 4, 5, 6]              |      5      |  0.005228996276855469  |
|       125       | 25 |       1717      |            [2, 3, 4, 5, 6, 7]            |      6      |  0.011039972305297852  |
|       125       | 50 |       3049      |         [2, 3, 4, 5, 6, 7, 8, 9]         |      8      |  0.05478620529174805   |
|       125       | 75 |       4075      |       [2, 3, 4, 5, 6, 7, 8, 9, 10]       |      9      |  0.28917932510375977   |
|       126       | 12 |       893       |             [2, 3, 4, 5, 6]              |      5      |  0.006357908248901367  |
|       126       | 25 |       1742      |             [2, 3, 4, 5, 6]              |      5      |  0.009860992431640625  |
|       126       | 50 |       3109      |         [2, 3, 4, 5, 6, 7, 8, 9]         |      8      |   0.0535130500793457   |
|       126       | 75 |       4165      |     [2, 3, 4, 5, 6, 7, 8, 9, 10, 11]     |      10     |  0.29202985763549805   |
|       127       | 12 |       915       |             [2, 3, 4, 5, 6]              |      5      |  0.006340980529785156  |
|       127       | 25 |       1777      |            [2, 3, 4, 5, 6, 7]            |      6      |  0.013937950134277344  |
|       127       | 50 |       3150      |          [2, 3, 4, 5, 6, 7, 8]           |      7      |  0.054376840591430664  |
|       127       | 75 |       4223      |       [2, 3, 4, 5, 6, 7, 8, 9, 10]       |      9      |   0.3250548839569092   |
|       128       | 12 |       914       |             [2, 3, 4, 5, 6]              |      5      |  0.00561213493347168   |
|       128       | 25 |       1807      |            [2, 3, 4, 5, 6, 7]            |      6      |  0.014467000961303711  |
|       128       | 50 |       3237      |         [2, 3, 4, 5, 6, 7, 8, 9]         |      8      |  0.06029486656188965   |
|       128       | 75 |       4292      |       [2, 3, 4, 5, 6, 7, 8, 9, 10]       |      9      |  0.32764625549316406   |
|       129       | 12 |       925       |             [2, 3, 4, 5, 6]              |      5      | 0.0061969757080078125  |
|       129       | 25 |       1834      |            [2, 3, 4, 5, 6, 7]            |      6      |   0.0121002197265625   |
|       129       | 50 |       3251      |          [2, 3, 4, 5, 6, 7, 8]           |      7      |  0.05731511116027832   |
|       129       | 75 |       4374      |     [2, 3, 4, 5, 6, 7, 8, 9, 10, 11]     |      10     |   0.3577408790588379   |
|       130       | 12 |       935       |             [2, 3, 4, 5, 6]              |      5      |  0.007408857345581055  |
|       130       | 25 |       1850      |            [2, 3, 4, 5, 6, 7]            |      6      |  0.012861967086791992  |
|       130       | 50 |       3316      |          [2, 3, 4, 5, 6, 7, 8]           |      7      |  0.05857110023498535   |
|       130       | 75 |       4449      |       [2, 3, 4, 5, 6, 7, 8, 9, 10]       |      9      |  0.38590097427368164   |
|       131       | 12 |       955       |               [2, 3, 4, 5]               |      4      |  0.004796028137207031  |
|       131       | 25 |       1865      |            [2, 3, 4, 5, 6, 7]            |      6      |  0.014091014862060547  |
|       131       | 50 |       3340      |         [2, 3, 4, 5, 6, 7, 8, 9]         |      8      |  0.06365513801574707   |
|       131       | 75 |       4532      |     [2, 3, 4, 5, 6, 7, 8, 9, 10, 11]     |      10     |   0.4033467769622803   |
|       132       | 12 |       969       |             [2, 3, 4, 5, 6]              |      5      |  0.005099058151245117  |
|       132       | 25 |       1906      |            [2, 3, 4, 5, 6, 7]            |      6      |  0.011810064315795898  |
|       132       | 50 |       3410      |          [2, 3, 4, 5, 6, 7, 8]           |      7      |  0.06017780303955078   |
|       132       | 75 |       4569      |     [2, 3, 4, 5, 6, 7, 8, 9, 10, 11]     |      10     |   0.3864607810974121   |
|       133       | 12 |       991       |             [2, 3, 4, 5, 6]              |      5      |  0.008271217346191406  |
|       133       | 25 |       1956      |            [2, 3, 4, 5, 6, 7]            |      6      |  0.013985872268676758  |
|       133       | 50 |       3472      |         [2, 3, 4, 5, 6, 7, 8, 9]         |      8      |  0.07202816009521484   |
|       133       | 75 |       4625      |     [2, 3, 4, 5, 6, 7, 8, 9, 10, 11]     |      10     |   0.3904399871826172   |
|       134       | 12 |       1005      |             [2, 3, 4, 5, 6]              |      5      | 0.0053310394287109375  |
|       134       | 25 |       1979      |            [2, 3, 4, 5, 6, 7]            |      6      |  0.012225151062011719  |
|       134       | 50 |       3514      |       [2, 3, 4, 5, 6, 7, 8, 9, 10]       |      9      |  0.07584691047668457   |
|       134       | 75 |       4715      |     [2, 3, 4, 5, 6, 7, 8, 9, 10, 11]     |      10     |  0.42319393157958984   |
|       135       | 12 |       1009      |               [2, 3, 4, 5]               |      4      |  0.005202770233154297  |
|       135       | 25 |       1993      |            [2, 3, 4, 5, 6, 7]            |      6      |  0.016319990158081055  |
|       135       | 50 |       3575      |         [2, 3, 4, 5, 6, 7, 8, 9]         |      8      |  0.07152390480041504   |
|       135       | 75 |       4780      |     [2, 3, 4, 5, 6, 7, 8, 9, 10, 11]     |      10     |  0.44770264625549316   |
|       136       | 12 |       1025      |             [2, 3, 4, 5, 6]              |      5      | 0.0063936710357666016  |
|       136       | 25 |       2010      |            [2, 3, 4, 5, 6, 7]            |      6      |  0.01520681381225586   |
|       136       | 50 |       3595      |         [2, 3, 4, 5, 6, 7, 8, 9]         |      8      |   0.0748300552368164   |
|       136       | 75 |       4906      |     [2, 3, 4, 5, 6, 7, 8, 9, 10, 11]     |      10     |   0.5077497959136963   |
|       137       | 12 |       1045      |             [2, 3, 4, 5, 6]              |      5      |  0.005794048309326172  |
|       137       | 25 |       2055      |            [2, 3, 4, 5, 6, 7]            |      6      |  0.013493061065673828  |
|       137       | 50 |       3681      |         [2, 3, 4, 5, 6, 7, 8, 9]         |      8      |  0.07452893257141113   |
|       137       | 75 |       4933      |     [2, 3, 4, 5, 6, 7, 8, 9, 10, 11]     |      10     |   0.471315860748291    |
|       138       | 12 |       1056      |             [2, 3, 4, 5, 6]              |      5      |  0.007694244384765625  |
|       138       | 25 |       2060      |             [2, 3, 4, 5, 6]              |      5      |  0.012783288955688477  |
|       138       | 50 |       3715      |         [2, 3, 4, 5, 6, 7, 8, 9]         |      8      |  0.07660484313964844   |
|       138       | 75 |       5038      |   [2, 3, 4, 5, 6, 7, 8, 9, 10, 11, 12]   |      11     |   0.5557019710540771   |
|       139       | 12 |       1082      |               [2, 3, 4, 5]               |      4      | 0.0055921077728271484  |
|       139       | 25 |       2102      |             [2, 3, 4, 5, 6]              |      5      |  0.012960195541381836  |
|       139       | 50 |       3778      |         [2, 3, 4, 5, 6, 7, 8, 9]         |      8      |  0.08197379112243652   |
|       139       | 75 |       5092      |     [2, 3, 4, 5, 6, 7, 8, 9, 10, 11]     |      10     |   0.5376229286193848   |
|       140       | 12 |       1106      |             [2, 3, 4, 5, 6]              |      5      |  0.00798487663269043   |
|       140       | 25 |       2145      |            [2, 3, 4, 5, 6, 7]            |      6      |  0.014136075973510742  |
|       140       | 50 |       3841      |          [2, 3, 4, 5, 6, 7, 8]           |      7      |  0.08141303062438965   |
|       140       | 75 |       5146      |     [2, 3, 4, 5, 6, 7, 8, 9, 10, 11]     |      10     |   0.5630190372467041   |
|       141       | 12 |       1125      |               [2, 3, 4, 5]               |      4      |  0.005942106246948242  |
|       141       | 25 |       2178      |            [2, 3, 4, 5, 6, 7]            |      6      |  0.01598215103149414   |
|       141       | 50 |       3921      |         [2, 3, 4, 5, 6, 7, 8, 9]         |      8      |   0.0873711109161377   |
|       141       | 75 |       5247      |     [2, 3, 4, 5, 6, 7, 8, 9, 10, 11]     |      10     |   0.5942630767822266   |
|       142       | 12 |       1125      |             [2, 3, 4, 5, 6]              |      5      |  0.009131908416748047  |
|       142       | 25 |       2216      |             [2, 3, 4, 5, 6]              |      5      |  0.014973163604736328  |
|       142       | 50 |       3932      |         [2, 3, 4, 5, 6, 7, 8, 9]         |      8      |  0.08579301834106445   |
|       142       | 75 |       5253      |     [2, 3, 4, 5, 6, 7, 8, 9, 10, 11]     |      10     |   0.581193208694458    |
|       143       | 12 |       1151      |             [2, 3, 4, 5, 6]              |      5      |  0.006632804870605469  |
|       143       | 25 |       2230      |            [2, 3, 4, 5, 6, 7]            |      6      |  0.018728017807006836  |
|       143       | 50 |       4034      |         [2, 3, 4, 5, 6, 7, 8, 9]         |      8      |  0.09807896614074707   |
|       143       | 75 |       5352      |   [2, 3, 4, 5, 6, 7, 8, 9, 10, 11, 12]   |      11     |    0.58107590675354    |
|       144       | 12 |       1172      |             [2, 3, 4, 5, 6]              |      5      |  0.007378816604614258  |
|       144       | 25 |       2267      |             [2, 3, 4, 5, 6]              |      5      |  0.016211986541748047  |
|       144       | 50 |       4096      |         [2, 3, 4, 5, 6, 7, 8, 9]         |      8      |   0.1009528636932373   |
|       144       | 75 |       5479      |     [2, 3, 4, 5, 6, 7, 8, 9, 10, 11]     |      10     |   0.7028722763061523   |
|       145       | 12 |       1169      |             [2, 3, 4, 5, 6]              |      5      |  0.007364988327026367  |
|       145       | 25 |       2296      |            [2, 3, 4, 5, 6, 7]            |      6      |  0.01757025718688965   |
|       145       | 50 |       4118      |         [2, 3, 4, 5, 6, 7, 8, 9]         |      8      |  0.09674382209777832   |
|       145       | 75 |       5519      |     [2, 3, 4, 5, 6, 7, 8, 9, 10, 11]     |      10     |   0.6770811080932617   |
|       146       | 12 |       1208      |             [2, 3, 4, 5, 6]              |      5      |  0.009245157241821289  |
|       146       | 25 |       2360      |            [2, 3, 4, 5, 6, 7]            |      6      |  0.019381046295166016  |
|       146       | 50 |       4233      |         [2, 3, 4, 5, 6, 7, 8, 9]         |      8      |  0.12073087692260742   |
|       146       | 75 |       5674      |     [2, 3, 4, 5, 6, 7, 8, 9, 10, 11]     |      10     |   0.8130738735198975   |
|       147       | 12 |       1214      |             [2, 3, 4, 5, 6]              |      5      |  0.007879972457885742  |
|       147       | 25 |       2379      |            [2, 3, 4, 5, 6, 7]            |      6      |  0.018563032150268555  |
|       147       | 50 |       4225      |         [2, 3, 4, 5, 6, 7, 8, 9]         |      8      |   0.1044778823852539   |
|       147       | 75 |       5679      |     [2, 3, 4, 5, 6, 7, 8, 9, 10, 11]     |      10     |   0.8366241455078125   |
|       148       | 12 |       1235      |             [2, 3, 4, 5, 6]              |      5      |  0.008020401000976562  |
|       148       | 25 |       2396      |            [2, 3, 4, 5, 6, 7]            |      6      |   0.0200498104095459   |
|       148       | 50 |       4268      |         [2, 3, 4, 5, 6, 7, 8, 9]         |      8      |  0.10294604301452637   |
|       148       | 75 |       5741      |       [2, 3, 4, 5, 6, 7, 8, 9, 10]       |      9      |   0.8467540740966797   |
|       149       | 12 |       1250      |               [2, 3, 4, 5]               |      4      |  0.007081031799316406  |
|       149       | 25 |       2423      |             [2, 3, 4, 5, 6]              |      5      |  0.016752958297729492  |
|       149       | 50 |       4357      |         [2, 3, 4, 5, 6, 7, 8, 9]         |      8      |   0.1094057559967041   |
|       149       | 75 |       5849      |   [2, 3, 4, 5, 6, 7, 8, 9, 10, 11, 12]   |      11     |   0.7657861709594727   |
|       150       | 12 |       1268      |               [2, 3, 4, 5]               |      4      |  0.007093906402587891  |
|       150       | 25 |       2476      |            [2, 3, 4, 5, 6, 7]            |      6      |  0.019160985946655273  |
|       150       | 50 |       4433      |         [2, 3, 4, 5, 6, 7, 8, 9]         |      8      |   0.1172490119934082   |
|       150       | 75 |       5940      |     [2, 3, 4, 5, 6, 7, 8, 9, 10, 11]     |      10     |   0.850820779800415    |
|       151       | 12 |       1284      |             [2, 3, 4, 5, 6]              |      5      |  0.010296106338500977  |
|       151       | 25 |       2514      |            [2, 3, 4, 5, 6, 7]            |      6      |  0.020566225051879883  |
|       151       | 50 |       4474      |         [2, 3, 4, 5, 6, 7, 8, 9]         |      8      |  0.11731815338134766   |
|       151       | 75 |       5981      |     [2, 3, 4, 5, 6, 7, 8, 9, 10, 11]     |      10     |   0.8856608867645264   |
|       152       | 12 |       1303      |             [2, 3, 4, 5, 6]              |      5      |  0.010380029678344727  |
|       152       | 25 |       2539      |            [2, 3, 4, 5, 6, 7]            |      6      |  0.01851177215576172   |
|       152       | 50 |       4543      |         [2, 3, 4, 5, 6, 7, 8, 9]         |      8      |  0.12589097023010254   |
|       152       | 75 |       6034      |   [2, 3, 4, 5, 6, 7, 8, 9, 10, 11, 12]   |      11     |   0.8424389362335205   |
|       153       | 12 |       1312      |             [2, 3, 4, 5, 6]              |      5      |  0.007932901382446289  |
|       153       | 25 |       2559      |            [2, 3, 4, 5, 6, 7]            |      6      |  0.02016425132751465   |
|       153       | 50 |       4605      |         [2, 3, 4, 5, 6, 7, 8, 9]         |      8      |   0.1252579689025879   |
|       153       | 75 |       6124      |       [2, 3, 4, 5, 6, 7, 8, 9, 10]       |      9      |   0.8492739200592041   |
|       154       | 12 |       1332      |             [2, 3, 4, 5, 6]              |      5      |  0.008241891860961914  |
|       154       | 25 |       2608      |             [2, 3, 4, 5, 6]              |      5      |  0.01883101463317871   |
|       154       | 50 |       4625      |         [2, 3, 4, 5, 6, 7, 8, 9]         |      8      |  0.12469196319580078   |
|       154       | 75 |       6231      |   [2, 3, 4, 5, 6, 7, 8, 9, 10, 11, 12]   |      11     |   0.9265580177307129   |
|       155       | 12 |       1363      |             [2, 3, 4, 5, 6]              |      5      |  0.008099079132080078  |
|       155       | 25 |       2676      |            [2, 3, 4, 5, 6, 7]            |      6      |  0.022443056106567383  |
|       155       | 50 |       4730      |         [2, 3, 4, 5, 6, 7, 8, 9]         |      8      |  0.12491321563720703   |
|       155       | 75 |       6295      |     [2, 3, 4, 5, 6, 7, 8, 9, 10, 11]     |      10     |   0.9138131141662598   |
|       156       | 12 |       1363      |             [2, 3, 4, 5, 6]              |      5      |  0.008322000503540039  |
|       156       | 25 |       2679      |            [2, 3, 4, 5, 6, 7]            |      6      |  0.021915197372436523  |
|       156       | 50 |       4773      |          [2, 3, 4, 5, 6, 7, 8]           |      7      |  0.12916994094848633   |
|       156       | 75 |       6379      |     [2, 3, 4, 5, 6, 7, 8, 9, 10, 11]     |      10     |   0.9643559455871582   |
|       157       | 12 |       1395      |             [2, 3, 4, 5, 6]              |      5      |  0.008163928985595703  |
|       157       | 25 |       2717      |            [2, 3, 4, 5, 6, 7]            |      6      |  0.02367115020751953   |
|       157       | 50 |       4825      |         [2, 3, 4, 5, 6, 7, 8, 9]         |      8      |   0.1273820400238037   |
|       157       | 75 |       6464      |     [2, 3, 4, 5, 6, 7, 8, 9, 10, 11]     |      10     |   0.9777450561523438   |
|       158       | 12 |       1402      |             [2, 3, 4, 5, 6]              |      5      |  0.008211851119995117  |
|       158       | 25 |       2745      |            [2, 3, 4, 5, 6, 7]            |      6      |  0.02233099937438965   |
|       158       | 50 |       4894      |         [2, 3, 4, 5, 6, 7, 8, 9]         |      8      |   0.1347198486328125   |
|       158       | 75 |       6563      |     [2, 3, 4, 5, 6, 7, 8, 9, 10, 11]     |      10     |   1.0624399185180664   |
|       159       | 12 |       1419      |             [2, 3, 4, 5, 6]              |      5      |  0.01056981086730957   |
|       159       | 25 |       2776      |            [2, 3, 4, 5, 6, 7]            |      6      |  0.023253917694091797  |
|       159       | 50 |       4931      |         [2, 3, 4, 5, 6, 7, 8, 9]         |      8      |  0.13934803009033203   |
|       159       | 75 |       6619      |     [2, 3, 4, 5, 6, 7, 8, 9, 10, 11]     |      10     |   1.0292339324951172   |
|       160       | 12 |       1454      |             [2, 3, 4, 5, 6]              |      5      |  0.008872032165527344  |
|       160       | 25 |       2807      |            [2, 3, 4, 5, 6, 7]            |      6      |  0.025957107543945312  |
|       160       | 50 |       4976      |         [2, 3, 4, 5, 6, 7, 8, 9]         |      8      |  0.14507627487182617   |
|       160       | 75 |       6728      |   [2, 3, 4, 5, 6, 7, 8, 9, 10, 11, 12]   |      11     |   1.0907137393951416   |
|       161       | 12 |       1445      |             [2, 3, 4, 5, 6]              |      5      |  0.01082921028137207   |
|       161       | 25 |       2837      |            [2, 3, 4, 5, 6, 7]            |      6      |  0.027274131774902344  |
|       161       | 50 |       5086      |         [2, 3, 4, 5, 6, 7, 8, 9]         |      8      |  0.14798903465270996   |
|       161       | 75 |       6811      |     [2, 3, 4, 5, 6, 7, 8, 9, 10, 11]     |      10     |   1.1672618389129639   |
|       162       | 12 |       1476      |             [2, 3, 4, 5, 6]              |      5      |  0.012372016906738281  |
|       162       | 25 |       2877      |            [2, 3, 4, 5, 6, 7]            |      6      |  0.02413320541381836   |
|       162       | 50 |       5122      |         [2, 3, 4, 5, 6, 7, 8, 9]         |      8      |  0.15153217315673828   |
|       162       | 75 |       6864      |     [2, 3, 4, 5, 6, 7, 8, 9, 10, 11]     |      10     |   1.1595518589019775   |
|       163       | 12 |       1490      |             [2, 3, 4, 5, 6]              |      5      |  0.009505033493041992  |
|       163       | 25 |       2937      |            [2, 3, 4, 5, 6, 7]            |      6      |  0.023727893829345703  |
|       163       | 50 |       5197      |         [2, 3, 4, 5, 6, 7, 8, 9]         |      8      |  0.15572690963745117   |
|       163       | 75 |       6959      |   [2, 3, 4, 5, 6, 7, 8, 9, 10, 11, 12]   |      11     |   1.2082469463348389   |
|       164       | 12 |       1503      |             [2, 3, 4, 5, 6]              |      5      |  0.008867979049682617  |
|       164       | 25 |       2962      |            [2, 3, 4, 5, 6, 7]            |      6      |  0.023164033889770508  |
|       164       | 50 |       5274      |       [2, 3, 4, 5, 6, 7, 8, 9, 10]       |      9      |  0.17267990112304688   |
|       164       | 75 |       7034      |     [2, 3, 4, 5, 6, 7, 8, 9, 10, 11]     |      10     |   1.2263689041137695   |
|       165       | 12 |       1538      |             [2, 3, 4, 5, 6]              |      5      |    0.01019287109375    |
|       165       | 25 |       3009      |            [2, 3, 4, 5, 6, 7]            |      6      |  0.027526140213012695  |
|       165       | 50 |       5377      |         [2, 3, 4, 5, 6, 7, 8, 9]         |      8      |  0.17238187789916992   |
|       165       | 75 |       7206      |     [2, 3, 4, 5, 6, 7, 8, 9, 10, 11]     |      10     |   1.3450279235839844   |
|       166       | 12 |       1551      |             [2, 3, 4, 5, 6]              |      5      |  0.008619070053100586  |
|       166       | 25 |       3034      |            [2, 3, 4, 5, 6, 7]            |      6      |  0.022841691970825195  |
|       166       | 50 |       5413      |         [2, 3, 4, 5, 6, 7, 8, 9]         |      8      |  0.17240238189697266   |
|       166       | 75 |       7229      |   [2, 3, 4, 5, 6, 7, 8, 9, 10, 11, 12]   |      11     |   1.3426029682159424   |
|       167       | 12 |       1563      |             [2, 3, 4, 5, 6]              |      5      |  0.009409904479980469  |
|       167       | 25 |       3060      |            [2, 3, 4, 5, 6, 7]            |      6      |  0.02416682243347168   |
|       167       | 50 |       5463      |         [2, 3, 4, 5, 6, 7, 8, 9]         |      8      |   0.1783287525177002   |
|       167       | 75 |       7305      |     [2, 3, 4, 5, 6, 7, 8, 9, 10, 11]     |      10     |   1.3383910655975342   |
|       168       | 12 |       1595      |             [2, 3, 4, 5, 6]              |      5      |  0.011106014251708984  |
|       168       | 25 |       3124      |            [2, 3, 4, 5, 6, 7]            |      6      |  0.02667522430419922   |
|       168       | 50 |       5576      |         [2, 3, 4, 5, 6, 7, 8, 9]         |      8      |  0.19509673118591309   |
|       168       | 75 |       7414      |   [2, 3, 4, 5, 6, 7, 8, 9, 10, 11, 12]   |      11     |   1.4380311965942383   |
|       169       | 12 |       1617      |             [2, 3, 4, 5, 6]              |      5      |  0.010392189025878906  |
|       169       | 25 |       3169      |            [2, 3, 4, 5, 6, 7]            |      6      |  0.028692960739135742  |
|       169       | 50 |       5617      |         [2, 3, 4, 5, 6, 7, 8, 9]         |      8      |  0.18244504928588867   |
|       169       | 75 |       7488      |     [2, 3, 4, 5, 6, 7, 8, 9, 10, 11]     |      10     |   1.4971671104431152   |
|       170       | 12 |       1624      |             [2, 3, 4, 5, 6]              |      5      |  0.011301755905151367  |
|       170       | 25 |       3185      |            [2, 3, 4, 5, 6, 7]            |      6      |   0.0305330753326416   |
|       170       | 50 |       5644      |         [2, 3, 4, 5, 6, 7, 8, 9]         |      8      |  0.20267295837402344   |
|       170       | 75 |       7550      |   [2, 3, 4, 5, 6, 7, 8, 9, 10, 11, 12]   |      11     |   1.5307579040527344   |
|       171       | 12 |       1631      |             [2, 3, 4, 5, 6]              |      5      |  0.010103940963745117  |
|       171       | 25 |       3231      |            [2, 3, 4, 5, 6, 7]            |      6      |  0.029672861099243164  |
|       171       | 50 |       5738      |         [2, 3, 4, 5, 6, 7, 8, 9]         |      8      |  0.20885014533996582   |
|       171       | 75 |       7646      |     [2, 3, 4, 5, 6, 7, 8, 9, 10, 11]     |      10     |   1.5727827548980713   |
|       172       | 12 |       1646      |             [2, 3, 4, 5, 6]              |      5      |  0.010661125183105469  |
|       172       | 25 |       3260      |            [2, 3, 4, 5, 6, 7]            |      6      |   0.030548095703125    |
|       172       | 50 |       5806      |         [2, 3, 4, 5, 6, 7, 8, 9]         |      8      |   0.2026658058166504   |
|       172       | 75 |       7791      |     [2, 3, 4, 5, 6, 7, 8, 9, 10, 11]     |      10     |   1.7327501773834229   |
|       173       | 12 |       1667      |             [2, 3, 4, 5, 6]              |      5      |  0.011184215545654297  |
|       173       | 25 |       3299      |             [2, 3, 4, 5, 6]              |      5      |  0.027105093002319336  |
|       173       | 50 |       5876      |         [2, 3, 4, 5, 6, 7, 8, 9]         |      8      |  0.21922087669372559   |
|       173       | 75 |       7858      |     [2, 3, 4, 5, 6, 7, 8, 9, 10, 11]     |      10     |   1.7341580390930176   |
|       174       | 12 |       1691      |             [2, 3, 4, 5, 6]              |      5      |  0.012407064437866211  |
|       174       | 25 |       3345      |            [2, 3, 4, 5, 6, 7]            |      6      |  0.028555870056152344  |
|       174       | 50 |       5937      |         [2, 3, 4, 5, 6, 7, 8, 9]         |      8      |  0.21909403800964355   |
|       174       | 75 |       7949      |     [2, 3, 4, 5, 6, 7, 8, 9, 10, 11]     |      10     |   1.8744099140167236   |
|       175       | 12 |       1706      |             [2, 3, 4, 5, 6]              |      5      |  0.011304378509521484  |
|       175       | 25 |       3368      |            [2, 3, 4, 5, 6, 7]            |      6      |  0.02793407440185547   |
|       175       | 50 |       5966      |         [2, 3, 4, 5, 6, 7, 8, 9]         |      8      |  0.21328091621398926   |
|       175       | 75 |       8017      |     [2, 3, 4, 5, 6, 7, 8, 9, 10, 11]     |      10     |   1.8105568885803223   |
|       176       | 12 |       1739      |             [2, 3, 4, 5, 6]              |      5      |  0.012440204620361328  |
|       176       | 25 |       3428      |            [2, 3, 4, 5, 6, 7]            |      6      |  0.03335094451904297   |
|       176       | 50 |       6089      |         [2, 3, 4, 5, 6, 7, 8, 9]         |      8      |  0.23723435401916504   |
|       176       | 75 |       8129      |     [2, 3, 4, 5, 6, 7, 8, 9, 10, 11]     |      10     |   1.9244179725646973   |
|       177       | 12 |       1755      |             [2, 3, 4, 5, 6]              |      5      |  0.01295161247253418   |
|       177       | 25 |       3433      |            [2, 3, 4, 5, 6, 7]            |      6      |  0.03828597068786621   |
|       177       | 50 |       6144      |         [2, 3, 4, 5, 6, 7, 8, 9]         |      8      |   0.2344379425048828   |
|       177       | 75 |       8241      |     [2, 3, 4, 5, 6, 7, 8, 9, 10, 11]     |      10     |   2.0172598361968994   |
|       178       | 12 |       1780      |             [2, 3, 4, 5, 6]              |      5      |  0.011619091033935547  |
|       178       | 25 |       3481      |            [2, 3, 4, 5, 6, 7]            |      6      |  0.031238079071044922  |
|       178       | 50 |       6185      |         [2, 3, 4, 5, 6, 7, 8, 9]         |      8      |  0.21586084365844727   |
|       178       | 75 |       8293      |     [2, 3, 4, 5, 6, 7, 8, 9, 10, 11]     |      10     |   1.9118824005126953   |
|       179       | 12 |       1791      |               [2, 3, 4, 5]               |      4      |  0.010586977005004883  |
|       179       | 25 |       3524      |            [2, 3, 4, 5, 6, 7]            |      6      |  0.035574913024902344  |
|       179       | 50 |       6282      |         [2, 3, 4, 5, 6, 7, 8, 9]         |      8      |  0.24212408065795898   |
|       179       | 75 |       8395      |     [2, 3, 4, 5, 6, 7, 8, 9, 10, 11]     |      10     |   2.0306410789489746   |
|       180       | 12 |       1823      |             [2, 3, 4, 5, 6]              |      5      |  0.012167215347290039  |
|       180       | 25 |       3567      |            [2, 3, 4, 5, 6, 7]            |      6      |  0.03419303894042969   |
|       180       | 50 |       6336      |         [2, 3, 4, 5, 6, 7, 8, 9]         |      8      |  0.24882721900939941   |
|       180       | 75 |       8460      |   [2, 3, 4, 5, 6, 7, 8, 9, 10, 11, 12]   |      11     |   2.035996913909912    |
|       181       | 12 |       1829      |               [2, 3, 4, 5]               |      4      |  0.011201620101928711  |
|       181       | 25 |       3601      |            [2, 3, 4, 5, 6, 7]            |      6      |  0.035440921783447266  |
|       181       | 50 |       6461      |         [2, 3, 4, 5, 6, 7, 8, 9]         |      8      |   0.2569561004638672   |
|       181       | 75 |       8598      |     [2, 3, 4, 5, 6, 7, 8, 9, 10, 11]     |      10     |   2.2014288902282715   |
|       182       | 12 |       1848      |             [2, 3, 4, 5, 6]              |      5      |  0.012167930603027344  |
|       182       | 25 |       3639      |            [2, 3, 4, 5, 6, 7]            |      6      |  0.03464198112487793   |
|       182       | 50 |       6479      |         [2, 3, 4, 5, 6, 7, 8, 9]         |      8      |  0.25151610374450684   |
|       182       | 75 |       8660      |     [2, 3, 4, 5, 6, 7, 8, 9, 10, 11]     |      10     |   2.1896820068359375   |
|       183       | 12 |       1891      |             [2, 3, 4, 5, 6]              |      5      |  0.012552976608276367  |
|       183       | 25 |       3701      |            [2, 3, 4, 5, 6, 7]            |      6      |  0.03770184516906738   |
|       183       | 50 |       6578      |         [2, 3, 4, 5, 6, 7, 8, 9]         |      8      |  0.27195072174072266   |
|       183       | 75 |       8787      |   [2, 3, 4, 5, 6, 7, 8, 9, 10, 11, 12]   |      11     |   2.3917760848999023   |
|       184       | 12 |       1901      |             [2, 3, 4, 5, 6]              |      5      |  0.018172025680541992  |
|       184       | 25 |       3733      |            [2, 3, 4, 5, 6, 7]            |      6      |  0.03445124626159668   |
|       184       | 50 |       6619      |         [2, 3, 4, 5, 6, 7, 8, 9]         |      8      |   0.2832651138305664   |
|       184       | 75 |       8874      |     [2, 3, 4, 5, 6, 7, 8, 9, 10, 11]     |      10     |   2.429579734802246    |
|       185       | 12 |       1929      |             [2, 3, 4, 5, 6]              |      5      |  0.013423919677734375  |
|       185       | 25 |       3761      |          [2, 3, 4, 5, 6, 7, 8]           |      7      |   0.0421750545501709   |
|       185       | 50 |       6667      |         [2, 3, 4, 5, 6, 7, 8, 9]         |      8      |  0.26189088821411133   |
|       185       | 75 |       8872      |     [2, 3, 4, 5, 6, 7, 8, 9, 10, 11]     |      10     |   2.1148290634155273   |
|       186       | 12 |       1944      |             [2, 3, 4, 5, 6]              |      5      |  0.012667179107666016  |
|       186       | 25 |       3793      |            [2, 3, 4, 5, 6, 7]            |      6      |  0.036309003829956055  |
|       186       | 50 |       6756      |         [2, 3, 4, 5, 6, 7, 8, 9]         |      8      |  0.27632904052734375   |
|       186       | 75 |       9022      |     [2, 3, 4, 5, 6, 7, 8, 9, 10, 11]     |      10     |   2.389439105987549    |
|       187       | 12 |       1958      |             [2, 3, 4, 5, 6]              |      5      |  0.01166391372680664   |
|       187       | 25 |       3855      |            [2, 3, 4, 5, 6, 7]            |      6      |  0.03601479530334473   |
|       187       | 50 |       6895      |       [2, 3, 4, 5, 6, 7, 8, 9, 10]       |      9      |    0.31439208984375    |
|       187       | 75 |       9185      |   [2, 3, 4, 5, 6, 7, 8, 9, 10, 11, 12]   |      11     |   2.7171592712402344   |
|       188       | 12 |       1972      |             [2, 3, 4, 5, 6]              |      5      |  0.011876821517944336  |
|       188       | 25 |       3900      |            [2, 3, 4, 5, 6, 7]            |      6      |  0.03639483451843262   |
|       188       | 50 |       6949      |         [2, 3, 4, 5, 6, 7, 8, 9]         |      8      |   0.2909867763519287   |
|       188       | 75 |       9278      |   [2, 3, 4, 5, 6, 7, 8, 9, 10, 11, 12]   |      11     |   2.674734115600586    |
|       189       | 12 |       2011      |             [2, 3, 4, 5, 6]              |      5      |  0.013731002807617188  |
|       189       | 25 |       3956      |            [2, 3, 4, 5, 6, 7]            |      6      |  0.039795875549316406  |
|       189       | 50 |       7043      |       [2, 3, 4, 5, 6, 7, 8, 9, 10]       |      9      |   0.3140439987182617   |
|       189       | 75 |       9385      | [2, 3, 4, 5, 6, 7, 8, 9, 10, 11, 12, 13] |      12     |   2.827186107635498    |
|       190       | 12 |       2022      |             [2, 3, 4, 5, 6]              |      5      |  0.016391754150390625  |
|       190       | 25 |       3966      |            [2, 3, 4, 5, 6, 7]            |      6      |  0.03622913360595703   |
|       190       | 50 |       7077      |         [2, 3, 4, 5, 6, 7, 8, 9]         |      8      |   0.3040120601654053   |
|       190       | 75 |       9468      |   [2, 3, 4, 5, 6, 7, 8, 9, 10, 11, 12]   |      11     |   2.9726669788360596   |
|       191       | 12 |       2050      |             [2, 3, 4, 5, 6]              |      5      |  0.014261960983276367  |
|       191       | 25 |       4021      |            [2, 3, 4, 5, 6, 7]            |      6      |  0.037100791931152344  |
|       191       | 50 |       7185      |       [2, 3, 4, 5, 6, 7, 8, 9, 10]       |      9      |  0.31633734703063965   |
|       191       | 75 |       9553      |   [2, 3, 4, 5, 6, 7, 8, 9, 10, 11, 12]   |      11     |   2.8953471183776855   |
|       192       | 12 |       2064      |             [2, 3, 4, 5, 6]              |      5      |  0.01542210578918457   |
|       192       | 25 |       4078      |            [2, 3, 4, 5, 6, 7]            |      6      |  0.03809309005737305   |
|       192       | 50 |       7259      |         [2, 3, 4, 5, 6, 7, 8, 9]         |      8      |  0.32419919967651367   |
|       192       | 75 |       9702      |     [2, 3, 4, 5, 6, 7, 8, 9, 10, 11]     |      10     |   3.201907157897949    |
|       193       | 12 |       2082      |             [2, 3, 4, 5, 6]              |      5      |  0.016299724578857422  |
|       193       | 25 |       4086      |            [2, 3, 4, 5, 6, 7]            |      6      |  0.040490150451660156  |
|       193       | 50 |       7276      |         [2, 3, 4, 5, 6, 7, 8, 9]         |      8      |  0.32647228240966797   |
|       193       | 75 |       9750      |     [2, 3, 4, 5, 6, 7, 8, 9, 10, 11]     |      10     |   3.1024160385131836   |
|       194       | 12 |       2106      |             [2, 3, 4, 5, 6]              |      5      |  0.015010833740234375  |
|       194       | 25 |       4110      |            [2, 3, 4, 5, 6, 7]            |      6      |  0.03649115562438965   |
|       194       | 50 |       7357      |       [2, 3, 4, 5, 6, 7, 8, 9, 10]       |      9      |   0.3342280387878418   |
|       194       | 75 |       9856      |   [2, 3, 4, 5, 6, 7, 8, 9, 10, 11, 12]   |      11     |   3.0945000648498535   |
|       195       | 12 |       2132      |             [2, 3, 4, 5, 6]              |      5      |  0.01318979263305664   |
|       195       | 25 |       4191      |            [2, 3, 4, 5, 6, 7]            |      6      |  0.046975135803222656  |
|       195       | 50 |       7451      |       [2, 3, 4, 5, 6, 7, 8, 9, 10]       |      9      |   0.3497340679168701   |
|       195       | 75 |       9968      |     [2, 3, 4, 5, 6, 7, 8, 9, 10, 11]     |      10     |   3.3671791553497314   |
|       196       | 12 |       2173      |             [2, 3, 4, 5, 6]              |      5      |  0.013936758041381836  |
|       196       | 25 |       4233      |            [2, 3, 4, 5, 6, 7]            |      6      |  0.038278818130493164  |
|       196       | 50 |       7522      |       [2, 3, 4, 5, 6, 7, 8, 9, 10]       |      9      |   0.3559377193450928   |
|       196       | 75 |      10019      |     [2, 3, 4, 5, 6, 7, 8, 9, 10, 11]     |      10     |   3.305263042449951    |
|       197       | 12 |       2188      |            [2, 3, 4, 5, 6, 7]            |      6      |  0.018596887588500977  |
|       197       | 25 |       4291      |            [2, 3, 4, 5, 6, 7]            |      6      |  0.044709205627441406  |
|       197       | 50 |       7637      |         [2, 3, 4, 5, 6, 7, 8, 9]         |      8      |   0.3728981018066406   |
|       197       | 75 |      10162      |     [2, 3, 4, 5, 6, 7, 8, 9, 10, 11]     |      10     |   3.592679738998413    |
|       198       | 12 |       2212      |             [2, 3, 4, 5, 6]              |      5      |  0.016969919204711914  |
|       198       | 25 |       4317      |            [2, 3, 4, 5, 6, 7]            |      6      |  0.044857025146484375  |
|       198       | 50 |       7694      |         [2, 3, 4, 5, 6, 7, 8, 9]         |      8      |  0.36166977882385254   |
|       198       | 75 |      10295      |     [2, 3, 4, 5, 6, 7, 8, 9, 10, 11]     |      10     |   3.7709572315216064   |
|       199       | 12 |       2229      |             [2, 3, 4, 5, 6]              |      5      |  0.014380931854248047  |
|       199       | 25 |       4361      |            [2, 3, 4, 5, 6, 7]            |      6      |  0.044831037521362305  |
|       199       | 50 |       7742      |       [2, 3, 4, 5, 6, 7, 8, 9, 10]       |      9      |   0.3668811321258545   |
|       199       | 75 |      10383      |   [2, 3, 4, 5, 6, 7, 8, 9, 10, 11, 12]   |      11     |   3.681572198867798    |
+-----------------+----+-----------------+------------------------------------------+-------------+------------------------+