1.621246337890625e-05
7.867813110351562e-06
6.9141387939453125e-06
7.867813110351562e-06
1.0013580322265625e-05
9.059906005859375e-06
1.0967254638671875e-05
1.1920928955078125e-05
1.1920928955078125e-05
1.0013580322265625e-05
5.459785461425781e-05
1.7881393432617188e-05
1.3828277587890625e-05
1.1920928955078125e-05
1.6927719116210938e-05
1.5974044799804688e-05
1.4066696166992188e-05
1.1920928955078125e-05
1.9073486328125e-05
2.193450927734375e-05
1.5735626220703125e-05
1.71661376953125e-05
2.574920654296875e-05
3.314018249511719e-05
1.7881393432617188e-05
1.7881393432617188e-05
2.6941299438476562e-05
3.504753112792969e-05
1.9788742065429688e-05
2.193450927734375e-05
3.814697265625e-05
5.125999450683594e-05
2.3126602172851562e-05
2.7179718017578125e-05
4.291534423828125e-05
5.1021575927734375e-05
2.09808349609375e-05
2.9802322387695312e-05
4.57763671875e-05
6.914138793945312e-05
2.384185791015625e-05
3.62396240234375e-05
5.984306335449219e-05
7.414817810058594e-05
2.6226043701171875e-05
4.100799560546875e-05
6.985664367675781e-05
9.012222290039062e-05
2.6941299438476562e-05
4.696846008300781e-05
7.176399230957031e-05
9.894371032714844e-05
2.8133392333984375e-05
5.030632019042969e-05
8.487701416015625e-05
0.00010180473327636719
6.914138793945312e-05
5.5789947509765625e-05
0.00010180473327636719
0.00014162063598632812
1.9311904907226562e-05
1.1920928955078125e-05
6.9141387939453125e-06
1.1920928955078125e-05
1.1205673217773438e-05
9.059906005859375e-06
1.0013580322265625e-05
1.4781951904296875e-05
1.1920928955078125e-05
1.3828277587890625e-05
5.078315734863281e-05
2.002716064453125e-05
1.4066696166992188e-05
1.1920928955078125e-05
1.6927719116210938e-05
1.5974044799804688e-05
1.71661376953125e-05
1.1920928955078125e-05
2.002716064453125e-05
2.193450927734375e-05
1.621246337890625e-05
1.7881393432617188e-05
2.5987625122070312e-05
3.314018249511719e-05
1.7881393432617188e-05
2.3126602172851562e-05
2.5987625122070312e-05
3.933906555175781e-05
2.002716064453125e-05
2.3126602172851562e-05
4.2438507080078125e-05
5.1975250244140625e-05
2.6941299438476562e-05
2.7179718017578125e-05
4.57763671875e-05
5.412101745605469e-05
2.47955322265625e-05
3.0040740966796875e-05
4.7206878662109375e-05
6.890296936035156e-05
2.4080276489257812e-05
3.504753112792969e-05
6.389617919921875e-05
7.82012939453125e-05
3.0279159545898438e-05
4.1961669921875e-05
6.985664367675781e-05
9.107589721679688e-05
2.5987625122070312e-05
4.696846008300781e-05
7.295608520507812e-05
9.918212890625e-05
2.7894973754882812e-05
5.0067901611328125e-05
8.606910705566406e-05
0.00010204315185546875
3.409385681152344e-05
5.602836608886719e-05
0.00010013580322265625
0.00013685226440429688
3.790855407714844e-05
6.175041198730469e-05
0.00010991096496582031
0.0001399517059326172
4.100799560546875e-05
7.081031799316406e-05
0.00011086463928222656
0.00018596649169921875
4.792213439941406e-05
7.700920104980469e-05
0.0001430511474609375
0.00022602081298828125
4.76837158203125e-05
7.700920104980469e-05
0.0001621246337890625
0.0002551078796386719
5.125999450683594e-05
9.202957153320312e-05
0.0001900196075439453
0.0003001689910888672
5.3882598876953125e-05
0.00010395050048828125
0.00021600723266601562
0.0003540515899658203
5.698204040527344e-05
0.00010967254638671875
0.00022721290588378906
0.0003581047058105469
6.413459777832031e-05
0.00011801719665527344
0.0002319812774658203
0.0004057884216308594
6.389617919921875e-05
0.00012493133544921875
0.0002560615539550781
0.0004937648773193359
7.295608520507812e-05
0.0001380443572998047
0.00031495094299316406
0.0004987716674804688
7.677078247070312e-05
0.00014710426330566406
0.0003170967102050781
0.0005638599395751953
7.700920104980469e-05
0.0001690387725830078
0.0003731250762939453
0.0006971359252929688
8.320808410644531e-05
0.0001621246337890625
0.00036907196044921875
0.0007908344268798828
8.893013000488281e-05
0.00018787384033203125
0.00038695335388183594
0.0007531642913818359
9.989738464355469e-05
0.00018715858459472656
0.00047588348388671875
0.0008180141448974609
0.00010991096496582031
0.0005240440368652344
0.0012280941009521484
0.0023241043090820312
0.00029587745666503906
0.0002319812774658203
0.0005540847778320312
0.0010688304901123047
0.00010371208190917969
0.0002560615539550781
0.0005710124969482422
0.00113677978515625
0.0001220703125
0.00027489662170410156
0.0007159709930419922
0.0015931129455566406
0.00012993812561035156
0.0002880096435546875
0.000644683837890625
0.001249074935913086
0.00013899803161621094
0.0002808570861816406
0.0007250308990478516
0.0014719963073730469
0.00013589859008789062
0.00030994415283203125
0.0008518695831298828
0.0019431114196777344
0.000148773193359375
0.0003178119659423828
0.0008337497711181641
0.0019421577453613281
0.00015211105346679688
0.00033211708068847656
0.0008628368377685547
0.002331972122192383
0.00015687942504882812
0.0003390312194824219
0.0009601116180419922
0.0024001598358154297
0.00015997886657714844
0.00035500526428222656
0.00115203857421875
0.0026082992553710938
0.0001690387725830078
0.0003829002380371094
0.0011029243469238281
0.0027642250061035156
0.00017404556274414062
0.0004038810729980469
0.0012264251708984375
0.002777099609375
0.00019931793212890625
0.0004229545593261719
0.0013229846954345703
0.0032799243927001953
0.00020599365234375
0.0004589557647705078
0.0014867782592773438
0.003777027130126953
0.0002040863037109375
0.00046706199645996094
0.001603841781616211
0.0038509368896484375
0.00021910667419433594
0.0005381107330322266
0.001714944839477539
0.00444793701171875
0.00022602081298828125
0.000537872314453125
0.0018496513366699219
0.004293918609619141
0.00022482872009277344
0.0005309581756591797
0.0018887519836425781
0.004614830017089844
0.00024008750915527344
0.0005681514739990234
0.002046823501586914
0.0059359073638916016
0.0002429485321044922
0.0005588531494140625
0.0018610954284667969
0.0051729679107666016
0.00025916099548339844
0.0006470680236816406
0.0022568702697753906
0.0069561004638671875
0.00026702880859375
0.000659942626953125
0.002160787582397461
0.006559133529663086
0.00027298927307128906
0.0007078647613525391
0.002454042434692383
0.007336854934692383
0.00030422210693359375
0.0007658004760742188
0.002521038055419922
0.0070378780364990234
0.0003020763397216797
0.0007469654083251953
0.0025751590728759766
0.007348060607910156
0.00033211708068847656
0.0007970333099365234
0.0026998519897460938
0.008262872695922852
0.00033402442932128906
0.0008938312530517578
0.0028591156005859375
0.009053945541381836
0.00033974647521972656
0.0008809566497802734
0.0028769969940185547
0.009685993194580078
0.0003390312194824219
0.0009098052978515625
0.003173828125
0.010464906692504883
0.000370025634765625
0.0010068416595458984
0.0036110877990722656
0.013086318969726562
0.0003650188446044922
0.0010390281677246094
0.003660917282104492
0.013124227523803711
0.0003917217254638672
0.0010540485382080078
0.004106044769287109
0.013683319091796875
0.00040411949157714844
0.0011098384857177734
0.004033088684082031
0.014114141464233398
0.00040984153747558594
0.0010881423950195312
0.0038328170776367188
0.013182878494262695
0.00040793418884277344
0.0011889934539794922
0.004016876220703125
0.013163089752197266
0.0004379749298095703
0.009789228439331055
0.004684925079345703
0.017280101776123047
0.00043201446533203125
0.0012080669403076172
0.004776954650878906
0.017696142196655273
0.00045800209045410156
0.0012400150299072266
0.005297183990478516
0.020479917526245117
0.0004761219024658203
0.0013358592987060547
0.00551605224609375
0.019701004028320312
0.0004971027374267578
0.0014548301696777344
0.005635261535644531
0.02150702476501465
0.0005056858062744141
0.0014772415161132812
0.006023883819580078
0.023124217987060547
0.0005230903625488281
0.0015230178833007812
0.0064411163330078125
0.022624969482421875
0.0005707740783691406
0.0015799999237060547
0.006592988967895508
0.02754378318786621
0.0005772113800048828
0.0015950202941894531
0.006851911544799805
0.024910926818847656
0.0005829334259033203
0.0016970634460449219
0.007522106170654297
0.02812480926513672
0.0006029605865478516
0.0017070770263671875
0.007291078567504883
0.028655052185058594
0.0006330013275146484
0.0018351078033447266
0.007971048355102539
0.029167890548706055
0.0006568431854248047
0.001814126968383789
0.007710933685302734
0.03164792060852051
0.0006430149078369141
0.001956939697265625
0.008646965026855469
0.03412675857543945
0.0007579326629638672
0.0020809173583984375
0.008940935134887695
0.0387723445892334
0.0008180141448974609
0.002074003219604492
0.009970903396606445
0.042326927185058594
0.0007970333099365234
0.0021469593048095703
0.01043701171875
0.04365706443786621
0.0007741451263427734
0.002174854278564453
0.010771989822387695
0.047402143478393555
0.0007879734039306641
0.0021622180938720703
0.011805057525634766
0.05123567581176758
0.0008220672607421875
0.0023479461669921875
0.011775016784667969
0.05420112609863281
0.0008640289306640625
0.002407073974609375
0.01168203353881836
0.05823063850402832
0.0008518695831298828
0.0024766921997070312
0.011366844177246094
0.05820798873901367
0.0008661746978759766
0.0025353431701660156
0.013772726058959961
0.06436991691589355
0.0008797645568847656
0.002574920654296875
0.012758016586303711
0.06518769264221191
0.0008792877197265625
0.002644062042236328
0.014400720596313477
0.06560635566711426
0.0009260177612304688
0.002866983413696289
0.015385150909423828
0.07625007629394531
0.00092315673828125
0.0028061866760253906
0.01479029655456543
0.07089567184448242
0.0009720325469970703
0.0031719207763671875
0.017175912857055664
0.08247876167297363
0.0009760856628417969
0.0030803680419921875
0.017529964447021484
0.08335113525390625
0.0009810924530029297
0.003222942352294922
0.0186460018157959
0.08466386795043945
0.0010182857513427734
0.0032148361206054688
0.018453121185302734
0.09038400650024414
0.0010449886322021484
0.003280162811279297
0.018922090530395508
0.09090375900268555
0.0010459423065185547
0.0033538341522216797
0.02017521858215332
0.10262513160705566
0.0010628700256347656
0.0033979415893554688
0.020785093307495117
0.11183905601501465
0.0011150836944580078
0.003408193588256836
0.01885700225830078
0.11354303359985352
0.001127004623413086
0.003505229949951172
0.021707773208618164
0.11308789253234863
0.0011568069458007812
0.0036208629608154297
0.0228729248046875
0.13426995277404785
0.0011661052703857422
0.0037267208099365234
0.02324199676513672
0.13013076782226562
0.0012011528015136719
0.0039539337158203125
0.024837017059326172
0.12853193283081055
0.001209259033203125
0.003927707672119141
0.024517297744750977
0.1373429298400879
0.0012867450714111328
0.004036903381347656
0.025294780731201172
0.13745808601379395
0.0013020038604736328
0.0040738582611083984
0.026401996612548828
0.1508958339691162
0.0012831687927246094
0.004258155822753906
0.02730083465576172
0.14874505996704102
0.00131988525390625
0.004380941390991211
0.028728008270263672
0.1581099033355713
0.0014238357543945312
0.004424095153808594
0.030923128128051758
0.17690706253051758
0.001447916030883789
0.004567146301269531
0.03261899948120117
0.18372225761413574
0.0014181137084960938
0.004681110382080078
0.032876014709472656
0.18842196464538574
0.0014500617980957031
0.004801034927368164
0.03521609306335449
0.2266998291015625
0.001458883285522461
0.004877805709838867
0.03569793701171875
0.20945477485656738
0.0015230178833007812
0.00498199462890625
0.036769866943359375
0.23860573768615723
0.001566171646118164
0.005116939544677734
0.035965919494628906
0.2240140438079834
0.0015749931335449219
0.0053119659423828125
0.040575265884399414
0.2437276840209961
0.001600027084350586
0.005307912826538086
0.03846597671508789
0.21969008445739746
0.001653909683227539
0.005828857421875
0.04176592826843262
0.24781107902526855
0.0017461776733398438
0.005660057067871094
0.043798208236694336
0.2783792018890381
0.0017228126525878906
0.005809783935546875
0.043637990951538086
0.2825050354003906
0.0017938613891601562
0.006028890609741211
0.0469059944152832
0.3145310878753662
0.0018091201782226562
0.006374835968017578
0.0497899055480957
0.3171558380126953
0.0018398761749267578
0.006532192230224609
0.04832196235656738
0.33807802200317383
0.0018990039825439453
0.0065348148345947266
0.05149388313293457
0.37140774726867676
0.0019257068634033203
0.006593942642211914
0.05106306076049805
0.3829619884490967
0.0020380020141601562
0.006747722625732422
0.05245685577392578
0.3706650733947754
0.002099275588989258
0.0070629119873046875
0.05530190467834473
0.3695390224456787
0.0020873546600341797
0.0074002742767333984
0.05855989456176758
0.4083518981933594
0.002074718475341797
0.007296085357666016
0.06059002876281738
0.4322531223297119
0.002168893814086914
0.007275104522705078
0.05946803092956543
0.496492862701416
0.002232074737548828
0.007666826248168945
0.06497478485107422
0.4568021297454834
0.0022521018981933594
0.00764918327331543
0.06421589851379395
0.5346810817718506
0.0022568702697753906
0.007797956466674805
0.06704902648925781
0.5202548503875732
0.002335071563720703
0.008002758026123047
0.07148289680480957
0.5422646999359131
0.0024459362030029297
0.008533000946044922
0.07474493980407715
0.5792810916900635
0.0023889541625976562
0.008590221405029297
0.07157516479492188
0.5240688323974609
0.002382040023803711
0.00850367546081543
0.07857513427734375
0.5597412586212158
0.0024590492248535156
0.008855104446411133
0.08281898498535156
0.6743848323822021
0.0024449825286865234
0.00900411605834961
0.08191919326782227
0.6390337944030762
0.002579927444458008
0.009651899337768555
0.09129691123962402
0.748945951461792
0.0026128292083740234
0.009463071823120117
0.0813150405883789
0.6692230701446533
0.0026051998138427734
0.009814977645874023
0.08553290367126465
0.6965959072113037
0.002652883529663086
0.009745121002197266
0.08954286575317383
0.7349569797515869
0.002708911895751953
0.010264158248901367
0.09652829170227051
0.8059098720550537
0.002780914306640625
0.010673046112060547
0.09566092491149902
0.7879030704498291
0.0027718544006347656
0.010317802429199219
0.10070395469665527
0.7746701240539551
0.0027039051055908203
0.010474205017089844
0.10667610168457031
0.8260979652404785
0.0029592514038085938
0.011322021484375
0.10187005996704102
0.8773918151855469
0.002986907958984375
0.011588096618652344
0.11051297187805176
0.892815113067627
0.0029439926147460938
0.01161813735961914
0.11477112770080566
0.9455368518829346
0.0030231475830078125
0.012007713317871094
0.11394476890563965
0.9476711750030518
0.002950906753540039
0.012054681777954102
0.12208700180053711
1.0362260341644287
0.0031061172485351562
0.012284040451049805
0.119232177734375
0.9977622032165527
0.0031838417053222656
0.01254129409790039
0.12182879447937012
1.0578258037567139
0.0031681060791015625
0.01259303092956543
0.1302347183227539
1.1305501461029053
0.0032410621643066406
0.01254415512084961
0.12856602668762207
1.1280131340026855
0.0032901763916015625
0.013844013214111328
0.13468527793884277
1.1662850379943848
0.0032927989959716797
0.014101028442382812
0.14395713806152344
1.2026150226593018
0.0033910274505615234
0.014049768447875977
0.15240812301635742
1.3249320983886719
0.0034554004669189453
0.014514923095703125
0.15743112564086914
1.2900927066802979
0.003715038299560547
0.014465093612670898
0.1540837287902832
1.31565523147583
0.003593921661376953
0.01523900032043457
0.16849732398986816
1.4030201435089111
0.003679990768432617
0.015805959701538086
0.16620397567749023
1.4278430938720703
0.0037539005279541016
0.015572071075439453
0.17121315002441406
1.452674150466919
0.003818035125732422
0.016065120697021484
0.1756448745727539
1.5172119140625
0.0038089752197265625
0.016429901123046875
0.17959094047546387
1.685636043548584
0.0038552284240722656
0.016601085662841797
0.18615007400512695
1.6813061237335205
0.003895998001098633
0.016989946365356445
0.1925497055053711
1.8019587993621826
0.0039942264556884766
0.01732015609741211
0.18716740608215332
1.7337520122528076
0.004136800765991211
0.017674922943115234
0.20096683502197266
1.8427319526672363
0.004006147384643555
0.01783299446105957
0.20403790473937988
1.9586372375488281
0.0042018890380859375
0.01816391944885254
0.19546008110046387
1.8634600639343262
0.0041961669921875
0.01853799819946289
0.2128138542175293
1.9567029476165771
0.004317760467529297
0.018950939178466797
0.21122169494628906
1.9415769577026367
0.004160165786743164
0.01890707015991211
0.22704625129699707
2.1537790298461914
0.0042912960052490234
0.01943802833557129
0.22345328330993652
2.1327919960021973
0.004422187805175781
0.01978302001953125
0.24366188049316406
2.328605890274048
0.004582881927490234
0.0201871395111084
0.23514485359191895
2.3321919441223145
0.004494905471801758
0.020053863525390625
0.2288830280303955
2.052950143814087
0.0045850276947021484
0.020717620849609375
0.24022388458251953
2.3264498710632324
0.004626035690307617
0.02147984504699707
0.2676980495452881
2.6595349311828613
0.004683017730712891
0.02203679084777832
0.26962780952453613
2.6228909492492676
0.0047931671142578125
0.022644758224487305
0.2727642059326172
2.787174940109253
0.004703998565673828
0.022081851959228516
0.27823305130004883
2.8838729858398438
0.004931926727294922
0.022861003875732422
0.2831900119781494
2.8564419746398926
0.004923105239868164
0.023829936981201172
0.3001701831817627
3.1703338623046875
0.005007266998291016
0.024610042572021484
0.2856769561767578
3.0366547107696533
0.004973888397216797
0.023639202117919922
0.2899899482727051
3.033900022506714
0.0051097869873046875
0.024755001068115234
0.30614686012268066
3.327880859375
0.005339860916137695
0.024815082550048828
0.3141782283782959
3.222722053527832
0.0056591033935546875
0.025775909423828125
0.33072924613952637
3.460542917251587
0.0053119659423828125
0.025962352752685547
0.32968592643737793
3.6365010738372803
0.00543212890625
0.02615499496459961
0.32651519775390625
3.6049869060516357
