6.198883056640625e-06
2.1457672119140625e-06
2.1457672119140625e-06
1.6689300537109375e-06
7.152557373046875e-07
9.5367431640625e-07
2.1457672119140625e-06
2.1457672119140625e-06
2.1457672119140625e-06
2.1457672119140625e-06
2.1457672119140625e-06
1.9073486328125e-06
1.6689300537109375e-06
9.5367431640625e-07
1.9073486328125e-06
1.9073486328125e-06
2.1457672119140625e-06
2.1457672119140625e-06
2.1457672119140625e-06
2.86102294921875e-06
1.9073486328125e-06
2.1457672119140625e-06
3.0994415283203125e-06
2.1457672119140625e-06
3.0994415283203125e-06
1.9073486328125e-06
2.1457672119140625e-06
1.9073486328125e-06
2.86102294921875e-06
1.9073486328125e-06
3.0994415283203125e-06
3.0994415283203125e-06
1.9073486328125e-06
2.86102294921875e-06
3.0994415283203125e-06
4.0531158447265625e-06
2.1457672119140625e-06
2.1457672119140625e-06
3.0994415283203125e-06
2.6226043701171875e-06
3.0994415283203125e-06
2.1457672119140625e-06
3.0994415283203125e-06
3.814697265625e-06
2.1457672119140625e-06
2.86102294921875e-06
4.0531158447265625e-06
4.0531158447265625e-06
2.86102294921875e-06
2.86102294921875e-06
4.0531158447265625e-06
3.814697265625e-06
1.9073486328125e-06
3.0994415283203125e-06
4.0531158447265625e-06
5.245208740234375e-06
3.0994415283203125e-06
3.0994415283203125e-06
4.0531158447265625e-06
5.0067901611328125e-06
2.86102294921875e-06
3.0994415283203125e-06
4.76837158203125e-06
5.0067901611328125e-06
3.0994415283203125e-06
4.0531158447265625e-06
5.0067901611328125e-06
4.76837158203125e-06
3.0994415283203125e-06
4.0531158447265625e-06
5.0067901611328125e-06
5.9604644775390625e-06
4.0531158447265625e-06
3.814697265625e-06
5.0067901611328125e-06
5.9604644775390625e-06
4.0531158447265625e-06
4.0531158447265625e-06
5.9604644775390625e-06
5.9604644775390625e-06
3.0994415283203125e-06
4.0531158447265625e-06
5.9604644775390625e-06
7.867813110351562e-06
3.814697265625e-06
5.0067901611328125e-06
6.9141387939453125e-06
6.9141387939453125e-06
3.814697265625e-06
5.0067901611328125e-06
5.9604644775390625e-06
8.106231689453125e-06
4.0531158447265625e-06
5.0067901611328125e-06
5.9604644775390625e-06
8.106231689453125e-06
4.0531158447265625e-06
5.0067901611328125e-06
6.9141387939453125e-06
9.059906005859375e-06
5.0067901611328125e-06
5.0067901611328125e-06
6.9141387939453125e-06
7.867813110351562e-06
4.0531158447265625e-06
6.198883056640625e-06
7.867813110351562e-06
7.867813110351562e-06
5.245208740234375e-06
6.198883056640625e-06
7.867813110351562e-06
9.059906005859375e-06
5.245208740234375e-06
5.9604644775390625e-06
9.059906005859375e-06
9.059906005859375e-06
5.245208740234375e-06
6.9141387939453125e-06
8.106231689453125e-06
1.0013580322265625e-05
5.0067901611328125e-06
6.9141387939453125e-06
8.821487426757812e-06
9.775161743164062e-06
5.9604644775390625e-06
5.9604644775390625e-06
9.775161743164062e-06
1.0251998901367188e-05
4.76837158203125e-06
5.9604644775390625e-06
1.0013580322265625e-05
1.0967254638671875e-05
5.9604644775390625e-06
6.9141387939453125e-06
8.821487426757812e-06
1.1205673217773438e-05
5.245208740234375e-06
7.867813110351562e-06
9.059906005859375e-06
1.2159347534179688e-05
5.9604644775390625e-06
8.106231689453125e-06
1.0013580322265625e-05
1.0967254638671875e-05
5.0067901611328125e-06
8.106231689453125e-06
1.0013580322265625e-05
1.0967254638671875e-05
5.7220458984375e-06
7.152557373046875e-06
1.0013580322265625e-05
1.3113021850585938e-05
7.152557373046875e-06
8.106231689453125e-06
1.0013580322265625e-05
1.1920928955078125e-05
5.7220458984375e-06
6.9141387939453125e-06
1.0967254638671875e-05
1.3113021850585938e-05
5.9604644775390625e-06
8.106231689453125e-06
1.2874603271484375e-05
1.2636184692382812e-05
7.152557373046875e-06
9.298324584960938e-06
1.0967254638671875e-05
1.5020370483398438e-05
6.9141387939453125e-06
8.821487426757812e-06
1.1205673217773438e-05
2.002716064453125e-05
8.106231689453125e-06
9.298324584960938e-06
1.1920928955078125e-05
1.5974044799804688e-05
6.9141387939453125e-06
1.0013580322265625e-05
1.1920928955078125e-05
1.71661376953125e-05
8.106231689453125e-06
1.0013580322265625e-05
1.7881393432617188e-05
1.8835067749023438e-05
6.9141387939453125e-06
1.0013580322265625e-05
1.4066696166992188e-05
2.002716064453125e-05
7.867813110351562e-06
1.0967254638671875e-05
1.2159347534179688e-05
1.8835067749023438e-05
8.821487426757812e-06
9.775161743164062e-06
1.3113021850585938e-05
1.9073486328125e-05
8.106231689453125e-06
1.0013580322265625e-05
1.5974044799804688e-05
1.9311904907226562e-05
9.298324584960938e-06
9.059906005859375e-06
1.5020370483398438e-05
1.8835067749023438e-05
1.0013580322265625e-05
1.0013580322265625e-05
1.52587890625e-05
2.09808349609375e-05
9.298324584960938e-06
1.0967254638671875e-05
1.811981201171875e-05
1.9311904907226562e-05
9.059906005859375e-06
1.1920928955078125e-05
1.811981201171875e-05
2.193450927734375e-05
8.821487426757812e-06
1.2159347534179688e-05
1.621246337890625e-05
2.5033950805664062e-05
8.821487426757812e-06
1.1920928955078125e-05
1.9073486328125e-05
2.3126602172851562e-05
9.059906005859375e-06
1.0967254638671875e-05
1.9311904907226562e-05
2.193450927734375e-05
1.0013580322265625e-05
1.2636184692382812e-05
2.09808349609375e-05
2.4080276489257812e-05
9.298324584960938e-06
1.3113021850585938e-05
1.7881393432617188e-05
2.7894973754882812e-05
1.0013580322265625e-05
1.2874603271484375e-05
1.9073486328125e-05
2.288818359375e-05
1.0013580322265625e-05
1.430511474609375e-05
2.002716064453125e-05
2.574920654296875e-05
1.0013580322265625e-05
1.4066696166992188e-05
1.7881393432617188e-05
2.7894973754882812e-05
1.0967254638671875e-05
1.4066696166992188e-05
2.09808349609375e-05
2.288818359375e-05
1.4066696166992188e-05
1.5020370483398438e-05
2.09808349609375e-05
2.4080276489257812e-05
1.0967254638671875e-05
1.3828277587890625e-05
1.9788742065429688e-05
2.47955322265625e-05
1.0967254638671875e-05
1.4781951904296875e-05
2.09808349609375e-05
2.9087066650390625e-05
1.0967254638671875e-05
1.52587890625e-05
2.5272369384765625e-05
2.574920654296875e-05
1.2159347534179688e-05
1.3828277587890625e-05
2.1219253540039062e-05
2.7894973754882812e-05
1.0728836059570312e-05
1.5020370483398438e-05
2.2172927856445312e-05
2.6941299438476562e-05
1.1920928955078125e-05
1.5974044799804688e-05
2.193450927734375e-05
2.7894973754882812e-05
1.1920928955078125e-05
1.6927719116210938e-05
2.5033950805664062e-05
3.2901763916015625e-05
1.0013580322265625e-05
1.5974044799804688e-05
2.574920654296875e-05
2.7894973754882812e-05
1.1920928955078125e-05
1.6927719116210938e-05
2.288818359375e-05
2.9325485229492188e-05
1.1920928955078125e-05
1.621246337890625e-05
2.6702880859375e-05
3.2901763916015625e-05
1.2159347534179688e-05
1.6927719116210938e-05
2.9087066650390625e-05
3.409385681152344e-05
1.2874603271484375e-05
1.71661376953125e-05
2.9087066650390625e-05
3.62396240234375e-05
1.2874603271484375e-05
1.5974044799804688e-05
2.9087066650390625e-05
3.886222839355469e-05
1.3113021850585938e-05
1.621246337890625e-05
2.6226043701171875e-05
3.266334533691406e-05
1.4066696166992188e-05
1.7881393432617188e-05
2.6941299438476562e-05
3.933906555175781e-05
1.3113021850585938e-05
1.7881393432617188e-05
2.7179718017578125e-05
4.124641418457031e-05
1.4066696166992188e-05
2.0265579223632812e-05
2.6702880859375e-05
4.124641418457031e-05
1.4066696166992188e-05
1.9073486328125e-05
2.6702880859375e-05
3.933906555175781e-05
1.4066696166992188e-05
2.002716064453125e-05
3.0994415283203125e-05
4.1961669921875e-05
1.4066696166992188e-05
1.9073486328125e-05
3.0994415283203125e-05
3.6716461181640625e-05
1.2874603271484375e-05
2.0265579223632812e-05
3.504753112792969e-05
4.291534423828125e-05
1.3828277587890625e-05
2.193450927734375e-05
3.0994415283203125e-05
3.4809112548828125e-05
1.5020370483398438e-05
1.811981201171875e-05
3.409385681152344e-05
3.814697265625e-05
1.5974044799804688e-05
2.09808349609375e-05
2.9325485229492188e-05
4.506111145019531e-05
1.3828277587890625e-05
2.09808349609375e-05
3.0994415283203125e-05
3.719329833984375e-05
1.5735626220703125e-05
2.2172927856445312e-05
3.5762786865234375e-05
4.315376281738281e-05
1.4781951904296875e-05
3.719329833984375e-05
3.814697265625e-05
3.886222839355469e-05
1.52587890625e-05
2.288818359375e-05
3.5762786865234375e-05
4.076957702636719e-05
1.6927719116210938e-05
2.4080276489257812e-05
3.409385681152344e-05
4.601478576660156e-05
1.6927719116210938e-05
2.3603439331054688e-05
4.029273986816406e-05
5.793571472167969e-05
1.621246337890625e-05
2.47955322265625e-05
3.695487976074219e-05
4.601478576660156e-05
1.71661376953125e-05
2.4080276489257812e-05
3.2901763916015625e-05
4.6253204345703125e-05
1.5735626220703125e-05
2.6226043701171875e-05
3.910064697265625e-05
4.291534423828125e-05
1.6927719116210938e-05
2.3126602172851562e-05
3.719329833984375e-05
4.291534423828125e-05
1.7881393432617188e-05
2.5033950805664062e-05
4.00543212890625e-05
4.410743713378906e-05
1.71661376953125e-05
2.5987625122070312e-05
3.814697265625e-05
4.76837158203125e-05
1.8358230590820312e-05
2.5033950805664062e-05
3.790855407714844e-05
5.698204040527344e-05
1.7881393432617188e-05
2.5033950805664062e-05
4.100799560546875e-05
5.5789947509765625e-05
1.9073486328125e-05
2.47955322265625e-05
4.00543212890625e-05
4.887580871582031e-05
1.811981201171875e-05
2.574920654296875e-05
4.792213439941406e-05
6.008148193359375e-05
1.8835067749023438e-05
2.6941299438476562e-05
3.981590270996094e-05
5.793571472167969e-05
1.9073486328125e-05
2.7894973754882812e-05
4.100799560546875e-05
5.1021575927734375e-05
2.09808349609375e-05
3.0040740966796875e-05
5.1975250244140625e-05
5.7697296142578125e-05
2.002716064453125e-05
2.9802322387695312e-05
4.506111145019531e-05
6.079673767089844e-05
1.8835067749023438e-05
2.6941299438476562e-05
4.792213439941406e-05
5.602836608886719e-05
2.09808349609375e-05
2.9325485229492188e-05
4.57763671875e-05
5.698204040527344e-05
2.002716064453125e-05
2.9802322387695312e-05
4.792213439941406e-05
5.2928924560546875e-05
2.0265579223632812e-05
2.8848648071289062e-05
4.1961669921875e-05
6.818771362304688e-05
2.09808349609375e-05
3.123283386230469e-05
4.124641418457031e-05
5.91278076171875e-05
2.09808349609375e-05
3.1948089599609375e-05
4.601478576660156e-05
5.984306335449219e-05
2.288818359375e-05
2.9802322387695312e-05
4.506111145019531e-05
6.079673767089844e-05
2.002716064453125e-05
3.3855438232421875e-05
5.412101745605469e-05
5.888938903808594e-05
2.09808349609375e-05
3.218650817871094e-05
5.125999450683594e-05
6.318092346191406e-05
2.193450927734375e-05
3.075599670410156e-05
4.887580871582031e-05
8.106231689453125e-05
2.3126602172851562e-05
3.0279159545898438e-05
4.8160552978515625e-05
5.7220458984375e-05
2.3126602172851562e-05
3.2901763916015625e-05
5.817413330078125e-05
7.295608520507812e-05
2.2172927856445312e-05
3.266334533691406e-05
5.91278076171875e-05
7.677078247070312e-05
2.3126602172851562e-05
3.504753112792969e-05
5.507469177246094e-05
7.605552673339844e-05
2.3126602172851562e-05
3.62396240234375e-05
5.2928924560546875e-05
7.605552673339844e-05
2.4080276489257812e-05
3.600120544433594e-05
5.412101745605469e-05
6.198883056640625e-05
2.3126602172851562e-05
3.719329833984375e-05
5.602836608886719e-05
9.226799011230469e-05
2.4080276489257812e-05
3.4809112548828125e-05
6.413459777832031e-05
8.58306884765625e-05
3.790855407714844e-05
3.814697265625e-05
6.890296936035156e-05
9.393692016601562e-05
2.3126602172851562e-05
4.696846008300781e-05
6.198883056640625e-05
0.00010204315185546875
2.5033950805664062e-05
3.62396240234375e-05
6.103515625e-05
9.441375732421875e-05
2.574920654296875e-05
3.7670135498046875e-05
6.556510925292969e-05
8.320808410644531e-05
2.6226043701171875e-05
4.076957702636719e-05
6.508827209472656e-05
9.202957153320312e-05
2.5272369384765625e-05
5.6743621826171875e-05
6.413459777832031e-05
7.891654968261719e-05
2.6941299438476562e-05
3.4809112548828125e-05
6.604194641113281e-05
8.392333984375e-05
2.574920654296875e-05
4.00543212890625e-05
5.984306335449219e-05
9.012222290039062e-05
2.574920654296875e-05
4.029273986816406e-05
0.0001621246337890625
8.606910705566406e-05
2.5987625122070312e-05
4.00543212890625e-05
6.914138793945312e-05
8.606910705566406e-05
2.6941299438476562e-05
4.1961669921875e-05
7.295608520507812e-05
0.00010418891906738281
4.506111145019531e-05
4.1961669921875e-05
6.771087646484375e-05
9.107589721679688e-05
2.6941299438476562e-05
4.100799560546875e-05
5.984306335449219e-05
9.703636169433594e-05
2.7894973754882812e-05
4.100799560546875e-05
6.318092346191406e-05
9.489059448242188e-05
2.8133392333984375e-05
4.601478576660156e-05
7.796287536621094e-05
8.726119995117188e-05
2.7894973754882812e-05
4.100799560546875e-05
6.794929504394531e-05
0.00010609626770019531
2.7894973754882812e-05
4.506111145019531e-05
7.915496826171875e-05
9.393692016601562e-05
2.7894973754882812e-05
4.410743713378906e-05
6.818771362304688e-05
8.606910705566406e-05
2.9087066650390625e-05
4.696846008300781e-05
7.414817810058594e-05
0.00010013580322265625
2.9802322387695312e-05
5.1021575927734375e-05
8.106231689453125e-05
9.083747863769531e-05
3.600120544433594e-05
4.506111145019531e-05
7.724761962890625e-05
8.702278137207031e-05
2.8848648071289062e-05
5.1021575927734375e-05
7.796287536621094e-05
0.00012183189392089844
3.0040740966796875e-05
4.8160552978515625e-05
0.00010418891906738281
0.00013399124145507812
3.1948089599609375e-05
4.506111145019531e-05
8.082389831542969e-05
9.799003601074219e-05
3.218650817871094e-05
4.982948303222656e-05
7.891654968261719e-05
0.00012183189392089844
3.2901763916015625e-05
4.792213439941406e-05
7.605552673339844e-05
0.00011682510375976562
3.0040740966796875e-05
4.601478576660156e-05
6.890296936035156e-05
0.00011205673217773438
3.409385681152344e-05
4.601478576660156e-05
8.893013000488281e-05
0.00010895729064941406
3.075599670410156e-05
5.125999450683594e-05
7.605552673339844e-05
9.799003601074219e-05
3.1948089599609375e-05
5.412101745605469e-05
7.987022399902344e-05
0.00010013580322265625
3.409385681152344e-05
5.2928924560546875e-05
8.392333984375e-05
0.00013113021850585938
3.1948089599609375e-05
5.078315734863281e-05
9.131431579589844e-05
0.00010228157043457031
3.1948089599609375e-05
5.1021575927734375e-05
8.511543273925781e-05
0.00011491775512695312
3.2901763916015625e-05
5.4836273193359375e-05
8.988380432128906e-05
0.0001480579376220703
3.5762786865234375e-05
6.604194641113281e-05
9.918212890625e-05
0.00012302398681640625
3.409385681152344e-05
5.698204040527344e-05
9.608268737792969e-05
0.00013113021850585938
3.409385681152344e-05
6.890296936035156e-05
9.918212890625e-05
0.0001380443572998047
3.504753112792969e-05
5.412101745605469e-05
8.702278137207031e-05
0.0001361370086669922
3.409385681152344e-05
6.508827209472656e-05
9.822845458984375e-05
0.00011277198791503906
3.3855438232421875e-05
5.412101745605469e-05
9.489059448242188e-05
0.00011491775512695312
3.62396240234375e-05
5.3882598876953125e-05
9.799003601074219e-05
0.00013589859008789062
3.4809112548828125e-05
5.817413330078125e-05
0.00010275840759277344
0.0001289844512939453
5.507469177246094e-05
8.702278137207031e-05
0.00011801719665527344
0.00015115737915039062
4.1961669921875e-05
7.414817810058594e-05
0.00010895729064941406
0.00015783309936523438
4.696846008300781e-05
7.796287536621094e-05
9.489059448242188e-05
0.00015783309936523438
3.719329833984375e-05
6.413459777832031e-05
0.00014400482177734375
0.0001499652862548828
3.695487976074219e-05
5.507469177246094e-05
0.0001010894775390625
0.0001728534698486328
4.76837158203125e-05
6.985664367675781e-05
0.00011396408081054688
0.0001289844512939453
3.886222839355469e-05
6.604194641113281e-05
9.870529174804688e-05
0.0001468658447265625
3.886222839355469e-05
6.890296936035156e-05
0.00012111663818359375
0.0001270771026611328
3.981590270996094e-05
6.413459777832031e-05
0.0001087188720703125
0.00012493133544921875
4.00543212890625e-05
6.198883056640625e-05
0.00010609626770019531
0.00013494491577148438
3.981590270996094e-05
6.914138793945312e-05
0.00011277198791503906
0.00015997886657714844
3.981590270996094e-05
6.103515625e-05
0.00010013580322265625
0.00018906593322753906
4.00543212890625e-05
6.508827209472656e-05
0.00011396408081054688
0.0001399517059326172
4.291534423828125e-05
7.200241088867188e-05
0.00013899803161621094
0.0001361370086669922
4.887580871582031e-05
7.605552673339844e-05
0.00016808509826660156
0.00013685226440429688
4.506111145019531e-05
7.081031799316406e-05
0.00012111663818359375
0.00014901161193847656
4.076957702636719e-05
7.033348083496094e-05
0.00013327598571777344
0.00016307830810546875
4.076957702636719e-05
6.890296936035156e-05
0.00011610984802246094
0.00016117095947265625
4.410743713378906e-05
6.413459777832031e-05
9.965896606445312e-05
0.0001659393310546875
4.410743713378906e-05
7.605552673339844e-05
0.00010275840759277344
0.00014495849609375
4.315376281738281e-05
7.104873657226562e-05
0.00011992454528808594
0.0001881122589111328
4.076957702636719e-05
7.295608520507812e-05
0.0001220703125
0.00015282630920410156
4.1961669921875e-05
6.604194641113281e-05
0.00010776519775390625
0.00015473365783691406
4.291534423828125e-05
7.414817810058594e-05
0.00013208389282226562
0.0001659393310546875
4.410743713378906e-05
7.486343383789062e-05
0.000141143798828125
0.00018787384033203125
4.410743713378906e-05
7.081031799316406e-05
0.0001289844512939453
0.00019502639770507812
5.1021575927734375e-05
9.274482727050781e-05
0.00014090538024902344
0.00015306472778320312
0.0021009445190429688
1.621246337890625e-05
1.3113021850585938e-05
1.3113021850585938e-05
1.3828277587890625e-05
1.1920928955078125e-05
1.6927719116210938e-05
1.9073486328125e-05
1.3113021850585938e-05
1.5974044799804688e-05
1.4066696166992188e-05
1.811981201171875e-05
1.3113021850585938e-05
1.3113021850585938e-05
1.3828277587890625e-05
1.5735626220703125e-05
1.4781951904296875e-05
1.5020370483398438e-05
1.5974044799804688e-05
1.7881393432617188e-05
1.4066696166992188e-05
1.811981201171875e-05
1.52587890625e-05
1.8835067749023438e-05
1.811981201171875e-05
1.5020370483398438e-05
1.7881393432617188e-05
4.1961669921875e-05
2.002716064453125e-05
1.811981201171875e-05
1.1920928955078125e-05
8.106231689453125e-06
1.0013580322265625e-05
1.4066696166992188e-05
9.799003601074219e-05
1.8358230590820312e-05
1.0967254638671875e-05
1.3113021850585938e-05
7.796287536621094e-05
1.1920928955078125e-05
1.0967254638671875e-05
1.0013580322265625e-05
3.0040740966796875e-05
2.47955322265625e-05
7.772445678710938e-05
1.5974044799804688e-05
1.2159347534179688e-05
9.775161743164062e-06
8.273124694824219e-05
1.3113021850585938e-05
1.1920928955078125e-05
1.3113021850585938e-05
7.891654968261719e-05
1.2874603271484375e-05
1.3113021850585938e-05
1.1920928955078125e-05
7.390975952148438e-05
1.1920928955078125e-05
1.0967254638671875e-05
1.3828277587890625e-05
6.985664367675781e-05
1.4066696166992188e-05
1.2159347534179688e-05
1.2159347534179688e-05
8.916854858398438e-05
1.3113021850585938e-05
1.5974044799804688e-05
1.2159347534179688e-05
7.605552673339844e-05
1.0967254638671875e-05
1.3113021850585938e-05
1.1920928955078125e-05
7.891654968261719e-05
1.71661376953125e-05
1.5735626220703125e-05
1.5735626220703125e-05
1.0967254638671875e-05
1.52587890625e-05
1.1682510375976562e-05
1.4066696166992188e-05
8.511543273925781e-05
1.2874603271484375e-05
1.3113021850585938e-05
1.5020370483398438e-05
8.487701416015625e-05
1.71661376953125e-05
1.2874603271484375e-05
1.4781951904296875e-05
0.00011897087097167969
1.5974044799804688e-05
1.4066696166992188e-05
1.3113021850585938e-05
8.106231689453125e-05
1.3113021850585938e-05
1.5020370483398438e-05
7.510185241699219e-05
6.198883056640625e-05
6.318092346191406e-05
9.298324584960938e-05
2.7894973754882812e-05
9.059906005859375e-06
7.867813110351562e-06
1.4066696166992188e-05
1.0967254638671875e-05
1.0967254638671875e-05
1.0967254638671875e-05
1.4781951904296875e-05
1.0013580322265625e-05
9.059906005859375e-06
8.821487426757812e-06
1.0967254638671875e-05
1.0967254638671875e-05
7.867813110351562e-06
7.867813110351562e-06
1.5974044799804688e-05
1.1920928955078125e-05
7.867813110351562e-06
1.1682510375976562e-05
1.3113021850585938e-05
1.9311904907226562e-05
1.2874603271484375e-05
1.5020370483398438e-05
1.4781951904296875e-05
1.4066696166992188e-05
1.1920928955078125e-05
1.0013580322265625e-05
1.0967254638671875e-05
1.1682510375976562e-05
6.198883056640625e-06
6.9141387939453125e-06
1.621246337890625e-05
1.6927719116210938e-05
1.3828277587890625e-05
1.4066696166992188e-05
1.5735626220703125e-05
1.71661376953125e-05
1.2636184692382812e-05
1.4066696166992188e-05
1.52587890625e-05
1.4781951904296875e-05
1.2874603271484375e-05
1.3113021850585938e-05
1.4066696166992188e-05
4.506111145019531e-05
1.2874603271484375e-05
1.5735626220703125e-05
1.7881393432617188e-05
1.6927719116210938e-05
1.3113021850585938e-05
1.3113021850585938e-05
1.71661376953125e-05
2.002716064453125e-05
1.4066696166992188e-05
1.3113021850585938e-05
1.5020370483398438e-05
2.3126602172851562e-05
1.1920928955078125e-05
1.0967254638671875e-05
1.9073486328125e-05
2.002716064453125e-05
1.3113021850585938e-05
1.5020370483398438e-05
1.9788742065429688e-05
1.71661376953125e-05
1.0013580322265625e-05
1.1920928955078125e-05
1.7881393432617188e-05
2.193450927734375e-05
1.5020370483398438e-05
1.2874603271484375e-05
1.7881393432617188e-05
2.384185791015625e-05
1.8835067749023438e-05
1.6927719116210938e-05
2.193450927734375e-05
3.719329833984375e-05
1.2159347534179688e-05
1.2159347534179688e-05
1.9073486328125e-05
1.9073486328125e-05
1.0013580322265625e-05
1.1205673217773438e-05
1.6927719116210938e-05
2.09808349609375e-05
1.0013580322265625e-05
1.4066696166992188e-05
1.4781951904296875e-05
2.5033950805664062e-05
9.298324584960938e-06
1.2159347534179688e-05
1.3828277587890625e-05
2.6226043701171875e-05
2.288818359375e-05
1.9073486328125e-05
1.6927719116210938e-05
1.9073486328125e-05
8.821487426757812e-06
1.1920928955078125e-05
1.5020370483398438e-05
2.1219253540039062e-05
1.0013580322265625e-05
1.0967254638671875e-05
2.0265579223632812e-05
2.3126602172851562e-05
1.0967254638671875e-05
1.1920928955078125e-05
1.9073486328125e-05
3.409385681152344e-05
1.7881393432617188e-05
1.7881393432617188e-05
2.193450927734375e-05
2.5987625122070312e-05
1.0013580322265625e-05
1.1682510375976562e-05
2.002716064453125e-05
2.47955322265625e-05
1.0967254638671875e-05
1.52587890625e-05
1.8358230590820312e-05
2.7894973754882812e-05
1.3113021850585938e-05
2.5033950805664062e-05
2.8133392333984375e-05
2.7179718017578125e-05
1.0967254638671875e-05
1.3113021850585938e-05
2.3126602172851562e-05
2.7894973754882812e-05
1.0967254638671875e-05
2.002716064453125e-05
2.5033950805664062e-05
2.5987625122070312e-05
1.2159347534179688e-05
1.8835067749023438e-05
2.6702880859375e-05
3.504753112792969e-05
1.2159347534179688e-05
1.5974044799804688e-05
2.09808349609375e-05
2.7894973754882812e-05
1.5020370483398438e-05
1.8835067749023438e-05
2.384185791015625e-05
4.00543212890625e-05
1.2159347534179688e-05
1.5974044799804688e-05
2.288818359375e-05
3.314018249511719e-05
1.3113021850585938e-05
1.5974044799804688e-05
2.09808349609375e-05
3.218650817871094e-05
1.1682510375976562e-05
1.71661376953125e-05
3.0040740966796875e-05
2.7179718017578125e-05
1.2874603271484375e-05
1.621246337890625e-05
2.193450927734375e-05
2.7894973754882812e-05
1.1920928955078125e-05
1.71661376953125e-05
3.5762786865234375e-05
4.410743713378906e-05
1.430511474609375e-05
2.09808349609375e-05
3.814697265625e-05
3.814697265625e-05
1.811981201171875e-05
1.71661376953125e-05
2.288818359375e-05
3.0279159545898438e-05
1.4066696166992188e-05
2.1219253540039062e-05
2.9325485229492188e-05
3.814697265625e-05
1.5735626220703125e-05
1.7881393432617188e-05
2.4080276489257812e-05
3.1948089599609375e-05
1.3113021850585938e-05
1.8835067749023438e-05
3.1948089599609375e-05
4.506111145019531e-05
1.3113021850585938e-05
1.7881393432617188e-05
4.1961669921875e-05
3.3855438232421875e-05
1.7881393432617188e-05
1.811981201171875e-05
3.409385681152344e-05
3.62396240234375e-05
1.4066696166992188e-05
1.8835067749023438e-05
3.2901763916015625e-05
3.814697265625e-05
1.811981201171875e-05
2.7894973754882812e-05
3.600120544433594e-05
3.6716461181640625e-05
1.4781951904296875e-05
2.288818359375e-05
2.9087066650390625e-05
4.887580871582031e-05
1.8835067749023438e-05
1.811981201171875e-05
3.409385681152344e-05
4.410743713378906e-05
1.811981201171875e-05
2.09808349609375e-05
3.5762786865234375e-05
4.1961669921875e-05
1.5974044799804688e-05
2.09808349609375e-05
3.2901763916015625e-05
4.57763671875e-05
2.8848648071289062e-05
2.6941299438476562e-05
3.314018249511719e-05
4.673004150390625e-05
1.5974044799804688e-05
2.5033950805664062e-05
4.887580871582031e-05
5.1021575927734375e-05
2.002716064453125e-05
2.5033950805664062e-05
2.9802322387695312e-05
5.984306335449219e-05
2.193450927734375e-05
2.47955322265625e-05
3.62396240234375e-05
4.9114227294921875e-05
1.9073486328125e-05
2.2172927856445312e-05
3.886222839355469e-05
4.100799560546875e-05
1.9788742065429688e-05
2.7894973754882812e-05
3.981590270996094e-05
6.127357482910156e-05
1.6927719116210938e-05
2.7894973754882812e-05
3.719329833984375e-05
3.814697265625e-05
1.8835067749023438e-05
2.9802322387695312e-05
3.910064697265625e-05
4.601478576660156e-05
1.7881393432617188e-05
2.6941299438476562e-05
3.981590270996094e-05
6.008148193359375e-05
1.811981201171875e-05
2.5987625122070312e-05
4.982948303222656e-05
4.601478576660156e-05
1.8835067749023438e-05
2.5033950805664062e-05
3.981590270996094e-05
5.3882598876953125e-05
1.7881393432617188e-05
2.7894973754882812e-05
4.315376281738281e-05
6.103515625e-05
2.193450927734375e-05
2.7179718017578125e-05
3.910064697265625e-05
4.887580871582031e-05
2.3126602172851562e-05
3.314018249511719e-05
4.00543212890625e-05
5.1975250244140625e-05
2.288818359375e-05
2.8848648071289062e-05
4.9114227294921875e-05
6.175041198730469e-05
2.09808349609375e-05
3.0040740966796875e-05
4.792213439941406e-05
5.3882598876953125e-05
1.9073486328125e-05
2.9087066650390625e-05
4.410743713378906e-05
5.1975250244140625e-05
2.2172927856445312e-05
2.7894973754882812e-05
5.078315734863281e-05
4.7206878662109375e-05
2.4080276489257812e-05
2.7894973754882812e-05
4.696846008300781e-05
4.696846008300781e-05
2.09808349609375e-05
2.9087066650390625e-05
5.316734313964844e-05
4.9114227294921875e-05
2.1696090698242188e-05
2.9802322387695312e-05
5.2928924560546875e-05
5.1975250244140625e-05
2.3603439331054688e-05
3.0994415283203125e-05
5.0067901611328125e-05
6.29425048828125e-05
2.384185791015625e-05
3.0994415283203125e-05
5.0067901611328125e-05
5.91278076171875e-05
2.47955322265625e-05
3.0994415283203125e-05
4.887580871582031e-05
5.602836608886719e-05
2.6941299438476562e-05
3.1948089599609375e-05
5.984306335449219e-05
6.818771362304688e-05
2.4080276489257812e-05
4.8160552978515625e-05
4.315376281738281e-05
6.508827209472656e-05
3.0994415283203125e-05
3.409385681152344e-05
4.601478576660156e-05
6.461143493652344e-05
2.5033950805664062e-05
3.600120544433594e-05
6.4849853515625e-05
6.29425048828125e-05
2.4080276489257812e-05
4.220008850097656e-05
4.76837158203125e-05
7.796287536621094e-05
3.0279159545898438e-05
3.1948089599609375e-05
5.2928924560546875e-05
6.389617919921875e-05
2.5987625122070312e-05
3.0994415283203125e-05
5.1021575927734375e-05
6.29425048828125e-05
2.288818359375e-05
3.409385681152344e-05
5.888938903808594e-05
5.6743621826171875e-05
2.6226043701171875e-05
4.410743713378906e-05
5.3882598876953125e-05
8.893013000488281e-05
3.1948089599609375e-05
3.600120544433594e-05
4.6253204345703125e-05
6.985664367675781e-05
2.5987625122070312e-05
3.790855407714844e-05
5.2928924560546875e-05
7.295608520507812e-05
2.8848648071289062e-05
3.2901763916015625e-05
5.984306335449219e-05
7.104873657226562e-05
3.719329833984375e-05
4.291534423828125e-05
5.91278076171875e-05
7.200241088867188e-05
2.574920654296875e-05
3.504753112792969e-05
7.414817810058594e-05
7.009506225585938e-05
2.6941299438476562e-05
4.9114227294921875e-05
7.200241088867188e-05
0.00010609626770019531
2.7894973754882812e-05
3.314018249511719e-05
5.602836608886719e-05
6.699562072753906e-05
2.5033950805664062e-05
3.695487976074219e-05
6.67572021484375e-05
8.797645568847656e-05
3.1948089599609375e-05
3.886222839355469e-05
6.771087646484375e-05
9.489059448242188e-05
2.9087066650390625e-05
4.00543212890625e-05
6.389617919921875e-05
9.489059448242188e-05
2.9087066650390625e-05
4.100799560546875e-05
5.793571472167969e-05
8.916854858398438e-05
2.9087066650390625e-05
4.100799560546875e-05
6.29425048828125e-05
7.510185241699219e-05
2.9325485229492188e-05
5.888938903808594e-05
6.175041198730469e-05
0.0001049041748046875
2.5987625122070312e-05
4.100799560546875e-05
7.82012939453125e-05
9.584426879882812e-05
4.38690185546875e-05
4.887580871582031e-05
7.605552673339844e-05
8.606910705566406e-05
2.6226043701171875e-05
4.696846008300781e-05
6.890296936035156e-05
0.00010180473327636719
2.5987625122070312e-05
4.100799560546875e-05
7.43865966796875e-05
0.00010204315185546875
3.600120544433594e-05
4.410743713378906e-05
7.200241088867188e-05
8.416175842285156e-05
3.0994415283203125e-05
5.1021575927734375e-05
6.318092346191406e-05
9.298324584960938e-05
2.9802322387695312e-05
4.315376281738281e-05
7.319450378417969e-05
8.821487426757812e-05
3.0994415283203125e-05
3.790855407714844e-05
7.796287536621094e-05
0.00010800361633300781
3.504753112792969e-05
4.315376281738281e-05
8.0108642578125e-05
0.00010991096496582031
3.0040740966796875e-05
4.506111145019531e-05
7.581710815429688e-05
9.608268737792969e-05
2.7894973754882812e-05
4.506111145019531e-05
8.0108642578125e-05
0.00010395050048828125
3.314018249511719e-05
4.696846008300781e-05
8.511543273925781e-05
0.00010800361633300781
3.218650817871094e-05
4.7206878662109375e-05
7.82012939453125e-05
0.00010418891906738281
3.1948089599609375e-05
4.57763671875e-05
7.009506225585938e-05
0.00011086463928222656
3.600120544433594e-05
4.601478576660156e-05
7.510185241699219e-05
0.00011014938354492188
3.2901763916015625e-05
5.1021575927734375e-05
8.96453857421875e-05
0.000102996826171875
3.600120544433594e-05
4.792213439941406e-05
8.392333984375e-05
0.00012111663818359375
3.0994415283203125e-05
4.792213439941406e-05
8.797645568847656e-05
0.00010538101196289062
3.409385681152344e-05
4.887580871582031e-05
8.106231689453125e-05
9.799003601074219e-05
3.218650817871094e-05
4.792213439941406e-05
8.130073547363281e-05
0.00010704994201660156
3.814697265625e-05
5.412101745605469e-05
8.893013000488281e-05
0.00010704994201660156
3.409385681152344e-05
6.008148193359375e-05
8.392333984375e-05
0.00010013580322265625
3.600120544433594e-05
5.698204040527344e-05
8.869171142578125e-05
0.00014090538024902344
4.029273986816406e-05
5.221366882324219e-05
9.012222290039062e-05
0.00013065338134765625
3.409385681152344e-05
5.0067901611328125e-05
9.512901306152344e-05
0.00011086463928222656
3.6716461181640625e-05
6.103515625e-05
8.559226989746094e-05
0.0001327991485595703
3.910064697265625e-05
6.222724914550781e-05
8.20159912109375e-05
0.0001232624053955078
4.506111145019531e-05
5.0067901611328125e-05
8.296966552734375e-05
0.0001220703125
3.5762786865234375e-05
5.1975250244140625e-05
9.989738464355469e-05
0.00011897087097167969
3.886222839355469e-05
6.198883056640625e-05
9.202957153320312e-05
0.00011014938354492188
3.814697265625e-05
5.984306335449219e-05
9.179115295410156e-05
0.00011014938354492188
3.695487976074219e-05
7.009506225585938e-05
0.00010085105895996094
0.00014281272888183594
3.790855407714844e-05
6.079673767089844e-05
9.608268737792969e-05
0.00011014938354492188
3.886222839355469e-05
6.723403930664062e-05
9.083747863769531e-05
0.00012636184692382812
3.910064697265625e-05
5.507469177246094e-05
0.0001010894775390625
0.00014495849609375
3.886222839355469e-05
6.628036499023438e-05
0.00011610984802246094
0.0001308917999267578
3.600120544433594e-05
6.389617919921875e-05
0.0001087188720703125
0.00012993812561035156
3.886222839355469e-05
5.984306335449219e-05
0.00012373924255371094
0.0001480579376220703
4.100799560546875e-05
6.389617919921875e-05
0.0001010894775390625
0.00014591217041015625
3.981590270996094e-05
7.82012939453125e-05
0.000110626220703125
0.00012993812561035156
5.7220458984375e-05
6.175041198730469e-05
0.00010704994201660156
0.00013303756713867188
4.100799560546875e-05
6.389617919921875e-05
0.00011181831359863281
0.00014400482177734375
4.124641418457031e-05
7.605552673339844e-05
0.00011324882507324219
0.00014400482177734375
4.291534423828125e-05
7.200241088867188e-05
0.00012922286987304688
0.00014090538024902344
3.981590270996094e-05
7.295608520507812e-05
0.00011277198791503906
0.0001659393310546875
4.076957702636719e-05
7.796287536621094e-05
0.0001049041748046875
0.0001621246337890625
5.030632019042969e-05
6.389617919921875e-05
0.0001049041748046875
0.00016880035400390625
4.982948303222656e-05
6.794929504394531e-05
0.00011801719665527344
0.00017905235290527344
4.291534423828125e-05
7.009506225585938e-05
0.00011610984802246094
0.00012874603271484375
4.38690185546875e-05
6.914138793945312e-05
0.0001049041748046875
0.00015306472778320312
4.1961669921875e-05
8.797645568847656e-05
0.00013899803161621094
0.0001430511474609375
4.38690185546875e-05
7.414817810058594e-05
0.00012493133544921875
0.00013303756713867188
4.6253204345703125e-05
6.914138793945312e-05
0.00011801719665527344
0.00014591217041015625
4.363059997558594e-05
7.605552673339844e-05
0.00012302398681640625
0.0001652240753173828
6.103515625e-05
9.417533874511719e-05
0.00011610984802246094
0.00017690658569335938
4.482269287109375e-05
6.985664367675781e-05
0.0001087188720703125
0.0001380443572998047
4.601478576660156e-05
7.605552673339844e-05
0.00012302398681640625
0.00014710426330566406
5.316734313964844e-05
8.893013000488281e-05
0.00011396408081054688
0.00014472007751464844
5.412101745605469e-05
7.677078247070312e-05
0.00013685226440429688
0.00016617774963378906
4.8160552978515625e-05
8.177757263183594e-05
0.00014209747314453125
0.00017499923706054688
4.7206878662109375e-05
7.486343383789062e-05
0.00012993812561035156
0.000171661376953125
4.8160552978515625e-05
7.796287536621094e-05
0.00012111663818359375
0.0001761913299560547
4.887580871582031e-05
8.106231689453125e-05
0.00013184547424316406
0.00015783309936523438
4.8160552978515625e-05
9.012222290039062e-05
0.0001468658447265625
0.0002040863037109375
5.507469177246094e-05
8.130073547363281e-05
0.00013709068298339844
0.0001800060272216797
5.0067901611328125e-05
7.772445678710938e-05
0.00014519691467285156
0.0001678466796875
4.696846008300781e-05
9.322166442871094e-05
0.00014400482177734375
0.00019502639770507812
4.792213439941406e-05
9.012222290039062e-05
0.0001609325408935547
0.00018095970153808594
4.887580871582031e-05
0.00010895729064941406
0.000141143798828125
0.00019502639770507812
5.1021575927734375e-05
8.20159912109375e-05
0.0001308917999267578
0.00015497207641601562
1.5020370483398438e-05
3.0994415283203125e-06
2.86102294921875e-06
4.0531158447265625e-06
6.198883056640625e-06
5.245208740234375e-06
3.814697265625e-06
5.0067901611328125e-06
1.2159347534179688e-05
6.198883056640625e-06
2.5033950805664062e-05
5.7220458984375e-06
7.152557373046875e-06
6.9141387939453125e-06
5.9604644775390625e-06
4.0531158447265625e-06
3.0994415283203125e-06
3.814697265625e-06
4.291534423828125e-06
4.0531158447265625e-06
3.0994415283203125e-06
4.0531158447265625e-06
4.0531158447265625e-06
3.814697265625e-06
3.814697265625e-06
5.9604644775390625e-06
5.7220458984375e-06
8.821487426757812e-06
5.9604644775390625e-06
7.152557373046875e-06
1.0013580322265625e-05
1.0013580322265625e-05
6.9141387939453125e-06
9.059906005859375e-06
1.0013580322265625e-05
1.1682510375976562e-05
5.9604644775390625e-06
8.821487426757812e-06
1.0013580322265625e-05
7.867813110351562e-06
6.198883056640625e-06
1.0013580322265625e-05
1.1205673217773438e-05
7.867813110351562e-06
1.0013580322265625e-05
1.0013580322265625e-05
1.0013580322265625e-05
1.0013580322265625e-05
8.821487426757812e-06
9.775161743164062e-06
1.0013580322265625e-05
1.0967254638671875e-05
9.059906005859375e-06
1.0013580322265625e-05
1.0013580322265625e-05
9.059906005859375e-06
9.059906005859375e-06
1.0013580322265625e-05
1.0013580322265625e-05
1.2159347534179688e-05
5.9604644775390625e-06
1.0013580322265625e-05
1.1920928955078125e-05
1.0967254638671875e-05
1.0013580322265625e-05
1.0967254638671875e-05
1.0251998901367188e-05
1.0967254638671875e-05
1.0013580322265625e-05
7.867813110351562e-06
7.867813110351562e-06
1.0013580322265625e-05
7.152557373046875e-06
8.106231689453125e-06
9.059906005859375e-06
9.775161743164062e-06
6.9141387939453125e-06
6.9141387939453125e-06
8.821487426757812e-06
1.0013580322265625e-05
6.9141387939453125e-06
7.867813110351562e-06
9.059906005859375e-06
1.0967254638671875e-05
2.4080276489257812e-05
1.3828277587890625e-05
1.621246337890625e-05
1.2159347534179688e-05
1.1920928955078125e-05
1.1920928955078125e-05
1.3113021850585938e-05
1.4066696166992188e-05
1.0013580322265625e-05
1.0967254638671875e-05
1.3113021850585938e-05
1.4066696166992188e-05
8.106231689453125e-06
1.2159347534179688e-05
1.0967254638671875e-05
1.5735626220703125e-05
1.1205673217773438e-05
1.2159347534179688e-05
1.2874603271484375e-05
1.4066696166992188e-05
7.867813110351562e-06
1.0967254638671875e-05
1.5020370483398438e-05
1.430511474609375e-05
1.2159347534179688e-05
1.0013580322265625e-05
1.3828277587890625e-05
1.0013580322265625e-05
5.9604644775390625e-06
6.9141387939453125e-06
1.0013580322265625e-05
1.0967254638671875e-05
5.7220458984375e-06
6.9141387939453125e-06
9.059906005859375e-06
1.3113021850585938e-05
1.0967254638671875e-05
1.4066696166992188e-05
1.4781951904296875e-05
1.4066696166992188e-05
1.0013580322265625e-05
1.0013580322265625e-05
1.2874603271484375e-05
1.3828277587890625e-05
9.059906005859375e-06
1.0013580322265625e-05
1.3828277587890625e-05
1.5735626220703125e-05
1.1920928955078125e-05
1.3113021850585938e-05
1.3113021850585938e-05
3.695487976074219e-05
1.0013580322265625e-05
1.0013580322265625e-05
1.4066696166992188e-05
1.5020370483398438e-05
1.2874603271484375e-05
1.2159347534179688e-05
1.4066696166992188e-05
1.52587890625e-05
1.0013580322265625e-05
1.0967254638671875e-05
1.4066696166992188e-05
1.5020370483398438e-05
1.0967254638671875e-05
1.0013580322265625e-05
1.4066696166992188e-05
1.811981201171875e-05
8.821487426757812e-06
1.0013580322265625e-05
1.3113021850585938e-05
1.9073486328125e-05
8.821487426757812e-06
1.3113021850585938e-05
1.3113021850585938e-05
2.0265579223632812e-05
9.298324584960938e-06
1.1205673217773438e-05
1.52587890625e-05
1.5735626220703125e-05
7.867813110351562e-06
1.0967254638671875e-05
1.5974044799804688e-05
1.811981201171875e-05
9.059906005859375e-06
1.0967254638671875e-05
1.4066696166992188e-05
2.193450927734375e-05
9.775161743164062e-06
1.1920928955078125e-05
1.6689300537109375e-05
1.6689300537109375e-05
9.059906005859375e-06
1.1205673217773438e-05
1.52587890625e-05
1.8835067749023438e-05
1.0013580322265625e-05
1.1205673217773438e-05
1.8835067749023438e-05
2.002716064453125e-05
1.0251998901367188e-05
1.1920928955078125e-05
1.9311904907226562e-05
2.09808349609375e-05
1.0251998901367188e-05
1.5974044799804688e-05
1.3828277587890625e-05
2.384185791015625e-05
1.0967254638671875e-05
1.1920928955078125e-05
1.5974044799804688e-05
2.5033950805664062e-05
1.0967254638671875e-05
1.2874603271484375e-05
1.621246337890625e-05
2.7179718017578125e-05
1.0013580322265625e-05
1.1682510375976562e-05
1.5735626220703125e-05
2.4080276489257812e-05
1.0967254638671875e-05
1.3113021850585938e-05
2.7894973754882812e-05
2.3126602172851562e-05
1.0967254638671875e-05
1.4066696166992188e-05
2.4080276489257812e-05
2.5272369384765625e-05
1.0013580322265625e-05
1.3828277587890625e-05
2.384185791015625e-05
2.7179718017578125e-05
1.2159347534179688e-05
1.4066696166992188e-05
2.2172927856445312e-05
3.123283386230469e-05
1.0967254638671875e-05
1.3828277587890625e-05
2.193450927734375e-05
2.9325485229492188e-05
1.2159347534179688e-05
1.9073486328125e-05
2.09808349609375e-05
2.7179718017578125e-05
1.0967254638671875e-05
1.8358230590820312e-05
2.5033950805664062e-05
2.8848648071289062e-05
1.1920928955078125e-05
1.5974044799804688e-05
2.002716064453125e-05
3.314018249511719e-05
1.2159347534179688e-05
1.4781951904296875e-05
2.5033950805664062e-05
2.9325485229492188e-05
1.3828277587890625e-05
1.4781951904296875e-05
2.4080276489257812e-05
3.504753112792969e-05
1.3113021850585938e-05
1.621246337890625e-05
2.3126602172851562e-05
3.409385681152344e-05
1.5974044799804688e-05
1.5020370483398438e-05
2.09808349609375e-05
3.0040740966796875e-05
1.5974044799804688e-05
3.409385681152344e-05
3.0040740966796875e-05
2.9802322387695312e-05
1.3828277587890625e-05
1.621246337890625e-05
2.6226043701171875e-05
3.314018249511719e-05
1.3113021850585938e-05
2.09808349609375e-05
2.574920654296875e-05
3.814697265625e-05
1.2874603271484375e-05
3.0040740966796875e-05
3.933906555175781e-05
3.218650817871094e-05
1.4066696166992188e-05
2.002716064453125e-05
2.6941299438476562e-05
3.1948089599609375e-05
1.6927719116210938e-05
1.6927719116210938e-05
2.47955322265625e-05
3.0994415283203125e-05
2.7894973754882812e-05
2.47955322265625e-05
2.7179718017578125e-05
3.1948089599609375e-05
1.4066696166992188e-05
2.09808349609375e-05
3.5762786865234375e-05
5.6743621826171875e-05
2.5987625122070312e-05
2.3126602172851562e-05
3.0994415283203125e-05
3.528594970703125e-05
1.5020370483398438e-05
2.288818359375e-05
2.8133392333984375e-05
4.029273986816406e-05
1.811981201171875e-05
2.3126602172851562e-05
3.1948089599609375e-05
3.886222839355469e-05
1.5020370483398438e-05
2.002716064453125e-05
4.410743713378906e-05
4.601478576660156e-05
1.621246337890625e-05
1.9788742065429688e-05
3.2901763916015625e-05
4.410743713378906e-05
1.9311904907226562e-05
2.0265579223632812e-05
4.315376281738281e-05
6.008148193359375e-05
2.4080276489257812e-05
2.5033950805664062e-05
4.9114227294921875e-05
5.1975250244140625e-05
1.9311904907226562e-05
2.09808349609375e-05
3.0040740966796875e-05
5.2928924560546875e-05
2.288818359375e-05
2.5987625122070312e-05
3.409385681152344e-05
5.817413330078125e-05
2.09808349609375e-05
2.7179718017578125e-05
3.409385681152344e-05
5.1021575927734375e-05
2.002716064453125e-05
2.288818359375e-05
3.4809112548828125e-05
6.389617919921875e-05
2.5272369384765625e-05
3.814697265625e-05
5.91278076171875e-05
6.198883056640625e-05
2.09808349609375e-05
3.0994415283203125e-05
4.00543212890625e-05
4.506111145019531e-05
3.409385681152344e-05
2.5987625122070312e-05
4.982948303222656e-05
5.793571472167969e-05
1.8835067749023438e-05
2.5033950805664062e-05
3.6716461181640625e-05
4.291534423828125e-05
2.09808349609375e-05
3.2901763916015625e-05
3.910064697265625e-05
4.506111145019531e-05
1.7881393432617188e-05
2.9325485229492188e-05
3.910064697265625e-05
5.7697296142578125e-05
1.811981201171875e-05
2.7179718017578125e-05
4.00543212890625e-05
5.0067901611328125e-05
1.7881393432617188e-05
2.7894973754882812e-05
4.100799560546875e-05
5.507469177246094e-05
1.811981201171875e-05
2.9325485229492188e-05
5.030632019042969e-05
4.506111145019531e-05
3.170967102050781e-05
3.314018249511719e-05
4.00543212890625e-05
4.982948303222656e-05
2.4080276489257812e-05
3.600120544433594e-05
3.790855407714844e-05
5.3882598876953125e-05
2.288818359375e-05
4.601478576660156e-05
4.9114227294921875e-05
6.29425048828125e-05
2.4080276489257812e-05
2.8133392333984375e-05
4.9114227294921875e-05
5.412101745605469e-05
2.4080276489257812e-05
2.7894973754882812e-05
4.1961669921875e-05
5.316734313964844e-05
2.4080276489257812e-05
3.314018249511719e-05
5.698204040527344e-05
6.008148193359375e-05
2.5987625122070312e-05
3.5762786865234375e-05
5.4836273193359375e-05
5.316734313964844e-05
2.384185791015625e-05
3.0994415283203125e-05
6.103515625e-05
5.5789947509765625e-05
2.4080276489257812e-05
3.1948089599609375e-05
5.793571472167969e-05
5.698204040527344e-05
1.9788742065429688e-05
3.218650817871094e-05
5.1975250244140625e-05
6.198883056640625e-05
2.288818359375e-05
3.1948089599609375e-05
5.412101745605469e-05
6.413459777832031e-05
2.4080276489257812e-05
3.0994415283203125e-05
5.316734313964844e-05
5.2928924560546875e-05
2.4080276489257812e-05
2.9802322387695312e-05
5.888938903808594e-05
6.699562072753906e-05
2.4080276489257812e-05
4.1961669921875e-05
4.57763671875e-05
6.508827209472656e-05
3.1948089599609375e-05
4.291534423828125e-05
4.506111145019531e-05
7.510185241699219e-05
2.8133392333984375e-05
3.409385681152344e-05
6.580352783203125e-05
6.508827209472656e-05
2.5033950805664062e-05
5.1021575927734375e-05
5.507469177246094e-05
6.699562072753906e-05
3.409385681152344e-05
4.506111145019531e-05
5.2928924560546875e-05
6.699562072753906e-05
2.5987625122070312e-05
3.218650817871094e-05
5.4836273193359375e-05
6.914138793945312e-05
2.4080276489257812e-05
3.4809112548828125e-05
7.510185241699219e-05
6.818771362304688e-05
2.7894973754882812e-05
3.62396240234375e-05
5.412101745605469e-05
7.605552673339844e-05
2.9802322387695312e-05
4.696846008300781e-05
4.9114227294921875e-05
8.606910705566406e-05
2.9087066650390625e-05
4.57763671875e-05
5.2928924560546875e-05
7.200241088867188e-05
2.8848648071289062e-05
3.719329833984375e-05
5.984306335449219e-05
7.200241088867188e-05
2.6941299438476562e-05
5.0067901611328125e-05
5.817413330078125e-05
7.295608520507812e-05
2.7179718017578125e-05
4.506111145019531e-05
5.91278076171875e-05
7.581710815429688e-05
2.4080276489257812e-05
3.504753112792969e-05
6.031990051269531e-05
0.0001049041748046875
3.314018249511719e-05
5.1975250244140625e-05
6.4849853515625e-05
9.417533874511719e-05
3.719329833984375e-05
4.291534423828125e-05
7.796287536621094e-05
8.416175842285156e-05
4.00543212890625e-05
4.1961669921875e-05
6.771087646484375e-05
8.988380432128906e-05
2.8848648071289062e-05
4.100799560546875e-05
7.009506225585938e-05
8.606910705566406e-05
5.1021575927734375e-05
5.3882598876953125e-05
5.888938903808594e-05
8.893013000488281e-05
2.9802322387695312e-05
4.220008850097656e-05
6.198883056640625e-05
8.511543273925781e-05
2.5987625122070312e-05
4.601478576660156e-05
6.29425048828125e-05
0.00011491775512695312
2.8848648071289062e-05
4.1961669921875e-05
6.985664367675781e-05
0.00010085105895996094
2.9087066650390625e-05
5.1021575927734375e-05
7.414817810058594e-05
8.702278137207031e-05
2.9087066650390625e-05
4.601478576660156e-05
7.390975952148438e-05
0.00011992454528808594
3.719329833984375e-05
3.910064697265625e-05
7.104873657226562e-05
0.00010538101196289062
3.409385681152344e-05
4.8160552978515625e-05
6.985664367675781e-05
8.797645568847656e-05
3.1948089599609375e-05
4.57763671875e-05
7.104873657226562e-05
9.393692016601562e-05
2.6941299438476562e-05
4.315376281738281e-05
7.605552673339844e-05
8.58306884765625e-05
3.695487976074219e-05
4.100799560546875e-05
7.200241088867188e-05
9.703636169433594e-05
3.2901763916015625e-05
4.982948303222656e-05
6.699562072753906e-05
0.00010585784912109375
3.0994415283203125e-05
4.410743713378906e-05
8.0108642578125e-05
0.00010704994201660156
3.1948089599609375e-05
4.673004150390625e-05
8.797645568847656e-05
9.489059448242188e-05
3.814697265625e-05
4.7206878662109375e-05
0.00010514259338378906
0.00010991096496582031
4.410743713378906e-05
4.506111145019531e-05
7.295608520507812e-05
0.0001068115234375
4.9114227294921875e-05
5.0067901611328125e-05
6.866455078125e-05
0.00011920928955078125
5.5789947509765625e-05
5.078315734863281e-05
7.390975952148438e-05
0.00011491775512695312
5.412101745605469e-05
5.3882598876953125e-05
8.797645568847656e-05
0.00010418891906738281
4.38690185546875e-05
4.76837158203125e-05
9.489059448242188e-05
0.00012302398681640625
4.100799560546875e-05
4.6253204345703125e-05
9.131431579589844e-05
0.00012421607971191406
3.409385681152344e-05
5.888938903808594e-05
7.581710815429688e-05
9.989738464355469e-05
3.933906555175781e-05
5.1975250244140625e-05
7.987022399902344e-05
0.00011110305786132812
5.1021575927734375e-05
5.1975250244140625e-05
9.775161743164062e-05
0.00011301040649414062
3.933906555175781e-05
5.3882598876953125e-05
9.489059448242188e-05
0.0001010894775390625
3.504753112792969e-05
5.507469177246094e-05
9.822845458984375e-05
0.00013494491577148438
3.504753112792969e-05
6.699562072753906e-05
8.702278137207031e-05
0.00012803077697753906
3.886222839355469e-05
5.698204040527344e-05
0.00010085105895996094
0.00012111663818359375
3.719329833984375e-05
5.793571472167969e-05
9.012222290039062e-05
0.00013589859008789062
3.981590270996094e-05
5.412101745605469e-05
9.107589721679688e-05
0.0001251697540283203
4.38690185546875e-05
5.507469177246094e-05
8.487701416015625e-05
0.00012302398681640625
4.100799560546875e-05
5.817413330078125e-05
0.00010228157043457031
0.00012612342834472656
3.695487976074219e-05
5.602836608886719e-05
8.797645568847656e-05
0.00011301040649414062
3.814697265625e-05
6.794929504394531e-05
9.417533874511719e-05
0.0001277923583984375
4.315376281738281e-05
6.008148193359375e-05
0.00011086463928222656
0.00014400482177734375
3.6716461181640625e-05
6.389617919921875e-05
0.00010704994201660156
0.00011920928955078125
3.981590270996094e-05
6.508827209472656e-05
9.799003601074219e-05
0.00013017654418945312
3.886222839355469e-05
5.888938903808594e-05
0.00010418891906738281
0.00014781951904296875
4.029273986816406e-05
6.198883056640625e-05
0.00011372566223144531
0.0001347064971923828
3.910064697265625e-05
7.009506225585938e-05
0.0001220703125
0.00013494491577148438
4.076957702636719e-05
6.079673767089844e-05
0.00011324882507324219
0.000148773193359375
4.00543212890625e-05
6.103515625e-05
0.00012183189392089844
0.00015425682067871094
4.315376281738281e-05
7.891654968261719e-05
0.00011181831359863281
0.000125885009765625
4.076957702636719e-05
5.888938903808594e-05
0.00010800361633300781
0.00012993812561035156
4.363059997558594e-05
6.866455078125e-05
0.00012493133544921875
0.0001499652862548828
4.291534423828125e-05
7.033348083496094e-05
0.00011610984802246094
0.00014209747314453125
4.291534423828125e-05
7.295608520507812e-05
0.00011801719665527344
0.0001392364501953125
5.91278076171875e-05
8.487701416015625e-05
0.00010895729064941406
0.0001659393310546875
4.9114227294921875e-05
7.581710815429688e-05
0.00011396408081054688
0.0001628398895263672
4.291534423828125e-05
6.29425048828125e-05
0.00010800361633300781
0.00015282630920410156
4.029273986816406e-05
6.103515625e-05
0.00011610984802246094
0.00018405914306640625
4.291534423828125e-05
7.033348083496094e-05
0.00012612342834472656
0.0001327991485595703
4.506111145019531e-05
7.009506225585938e-05
0.00010991096496582031
0.0001537799835205078
4.410743713378906e-05
7.605552673339844e-05
0.00013303756713867188
0.00014781951904296875
4.410743713378906e-05
7.867813110351562e-05
0.0001227855682373047
0.00013709068298339844
4.6253204345703125e-05
6.818771362304688e-05
0.00012183189392089844
0.00015091896057128906
4.6253204345703125e-05
7.891654968261719e-05
0.00012493133544921875
0.0001678466796875
4.38690185546875e-05
7.200241088867188e-05
0.00011110305786132812
0.0001709461212158203
4.38690185546875e-05
6.723403930664062e-05
0.0001049041748046875
0.0001361370086669922
4.506111145019531e-05
9.274482727050781e-05
0.00012874603271484375
0.0001621246337890625
7.510185241699219e-05
9.489059448242188e-05
0.00012803077697753906
0.000148773193359375
4.7206878662109375e-05
8.082389831542969e-05
0.00013303756713867188
0.0001621246337890625
4.792213439941406e-05
7.891654968261719e-05
0.00015473365783691406
0.0001780986785888672
5.0067901611328125e-05
8.177757263183594e-05
0.00013017654418945312
0.0001728534698486328
5.0067901611328125e-05
9.202957153320312e-05
0.00011801719665527344
0.00017881393432617188
5.793571472167969e-05
9.226799011230469e-05
0.00011706352233886719
0.00015687942504882812
4.8160552978515625e-05
7.700920104980469e-05
0.00013399124145507812
0.00020575523376464844
4.8160552978515625e-05
0.0001010894775390625
0.0001480579376220703
0.0001659393310546875
4.57763671875e-05
7.510185241699219e-05
0.0001239776611328125
0.0001761913299560547
6.198883056640625e-05
8.106231689453125e-05
0.0001442432403564453
0.00018095970153808594
5.078315734863281e-05
9.083747863769531e-05
0.0001537799835205078
0.00018715858459472656
5.412101745605469e-05
8.606910705566406e-05
0.0001380443572998047
0.00019788742065429688
5.2928924560546875e-05
8.511543273925781e-05
0.00013113021850585938
0.0001628398895263672
1.811981201171875e-05
5.7220458984375e-06
5.9604644775390625e-06
7.152557373046875e-06
4.0531158447265625e-06
6.198883056640625e-06
3.814697265625e-06
7.867813110351562e-06
2.09808349609375e-05
2.9325485229492188e-05
4.482269287109375e-05
5.7220458984375e-05
0.000263214111328125
0.00026798248291015625
1.6927719116210938e-05
2.3126602172851562e-05
0.0001380443572998047
1.6927719116210938e-05
3.1948089599609375e-05
3.0994415283203125e-05
0.0002002716064453125
