+-----------------+----+-----------------+------------------------------------+-------------+------------------------+
| Number of Nodes | %  | Number of Edges |              Cliques               | Different k |          Time          |
+-----------------+----+-----------------+------------------------------------+-------------+------------------------+
|        5        | 12 |        4        |                [2]                 |      1      | 2.193450927734375e-05  |
|        5        | 25 |        4        |                [2]                 |      1      | 8.821487426757812e-06  |
|        5        | 50 |        4        |                [2]                 |      1      | 6.9141387939453125e-06 |
|        5        | 75 |        5        |               [2, 3]               |      2      | 8.106231689453125e-06  |
|        6        | 12 |        5        |                [2]                 |      1      | 1.0013580322265625e-05 |
|        6        | 25 |        5        |                [2]                 |      1      | 9.298324584960938e-06  |
|        6        | 50 |        6        |                [2]                 |      1      | 9.775161743164062e-06  |
|        6        | 75 |        8        |               [2, 3]               |      2      | 1.0967254638671875e-05 |
|        7        | 12 |        6        |                [2]                 |      1      | 1.0967254638671875e-05 |
|        7        | 25 |        6        |                [2]                 |      1      | 1.0013580322265625e-05 |
|        7        | 50 |        9        |               [2, 3]               |      2      | 1.4066696166992188e-05 |
|        7        | 75 |        12       |                [3]                 |      1      | 7.009506225585938e-05  |
|        8        | 12 |        7        |                [2]                 |      1      | 4.076957702636719e-05  |
|        8        | 25 |        7        |                [2]                 |      1      | 8.893013000488281e-05  |
|        8        | 50 |        12       |             [2, 3, 4]              |      3      | 4.601478576660156e-05  |
|        8        | 75 |        14       |             [2, 3, 4]              |      3      | 4.696846008300781e-05  |
|        9        | 12 |        8        |                [2]                 |      1      | 4.029273986816406e-05  |
|        9        | 25 |        8        |                [2]                 |      1      | 3.790855407714844e-05  |
|        9        | 50 |        14       |               [2, 3]               |      2      | 5.316734313964844e-05  |
|        9        | 75 |        17       |             [2, 3, 4]              |      3      | 7.224082946777344e-05  |
|        10       | 12 |        9        |                [2]                 |      1      | 4.7206878662109375e-05 |
|        10       | 25 |        11       |               [2, 3]               |      2      | 0.0007050037384033203  |
|        10       | 50 |        18       |               [2, 3]               |      2      | 7.009506225585938e-05  |
|        10       | 75 |        24       |               [3, 4]               |      2      | 8.821487426757812e-05  |
|        11       | 12 |        10       |                [2]                 |      1      | 5.1975250244140625e-05 |
|        11       | 25 |        12       |                [2]                 |      1      | 5.507469177246094e-05  |
|        11       | 50 |        19       |               [2, 3]               |      2      | 6.985664367675781e-05  |
|        11       | 75 |        27       |             [2, 3, 4]              |      3      | 9.512901306152344e-05  |
|        12       | 12 |        11       |                [2]                 |      1      | 9.179115295410156e-05  |
|        12       | 25 |        15       |               [2, 3]               |      2      | 6.508827209472656e-05  |
|        12       | 50 |        28       |             [2, 3, 4]              |      3      | 9.989738464355469e-05  |
|        12       | 75 |        39       |               [4, 5]               |      2      |  0.00014495849609375   |
|        13       | 12 |        12       |                [2]                 |      1      | 6.508827209472656e-05  |
|        13       | 25 |        18       |               [2, 3]               |      2      | 7.796287536621094e-05  |
|        13       | 50 |        32       |               [3, 4]               |      2      | 0.0001881122589111328  |
|        13       | 75 |        42       |            [3, 4, 5, 6]            |      4      | 0.00013494491577148438 |
|        14       | 12 |        13       |                [2]                 |      1      |    6.103515625e-05     |
|        14       | 25 |        20       |               [2, 3]               |      2      | 7.987022399902344e-05  |
|        14       | 50 |        33       |             [2, 3, 4]              |      3      | 0.0001232624053955078  |
|        14       | 75 |        45       |             [2, 3, 4]              |      3      | 0.0002448558807373047  |
|        15       | 12 |        14       |                [2]                 |      1      | 6.580352783203125e-05  |
|        15       | 25 |        25       |               [2, 3]               |      2      | 9.703636169433594e-05  |
|        15       | 50 |        44       |             [2, 3, 4]              |      3      | 0.0023920536041259766  |
|        15       | 75 |        56       |            [3, 4, 5, 6]            |      4      | 0.0003139972686767578  |
|        16       | 12 |        15       |                [2]                 |      1      | 3.1948089599609375e-05 |
|        16       | 25 |        29       |               [2, 3]               |      2      | 4.792213439941406e-05  |
|        16       | 50 |        49       |             [2, 3, 4]              |      3      | 7.414817810058594e-05  |
|        16       | 75 |        62       |             [3, 4, 5]              |      3      | 9.298324584960938e-05  |
|        17       | 12 |        16       |                [2]                 |      1      | 2.6941299438476562e-05 |
|        17       | 25 |        32       |               [2, 3]               |      2      | 0.00019097328186035156 |
|        17       | 50 |        55       |            [2, 3, 4, 5]            |      4      | 9.489059448242188e-05  |
|        17       | 75 |        72       |            [3, 4, 5, 6]            |      4      | 0.00011277198791503906 |
|        18       | 12 |        17       |                [2]                 |      1      | 3.0279159545898438e-05 |
|        18       | 25 |        34       |               [2, 3]               |      2      |  6.29425048828125e-05  |
|        18       | 50 |        58       |             [2, 3, 4]              |      3      | 9.083747863769531e-05  |
|        18       | 75 |        73       |             [3, 4, 5]              |      3      | 0.00010275840759277344 |
|        19       | 12 |        20       |               [2, 3]               |      2      | 3.409385681152344e-05  |
|        19       | 25 |        37       |               [2, 3]               |      2      | 5.698204040527344e-05  |
|        19       | 50 |        66       |             [2, 3, 4]              |      3      | 9.870529174804688e-05  |
|        19       | 75 |        89       |             [3, 4, 5]              |      3      | 0.0001430511474609375  |
|        20       | 12 |        21       |               [2, 3]               |      2      | 3.981590270996094e-05  |
|        20       | 25 |        44       |             [2, 3, 4]              |      3      |  6.4849853515625e-05   |
|        20       | 50 |        76       |            [2, 3, 4, 5]            |      4      | 0.00011277198791503906 |
|        20       | 75 |        99       |         [2, 3, 4, 5, 6, 7]         |      6      | 0.00014209747314453125 |
|        21       | 12 |        25       |               [2, 3]               |      2      | 4.100799560546875e-05  |
|        21       | 25 |        48       |             [2, 3, 4]              |      3      | 6.914138793945312e-05  |
|        21       | 50 |        78       |            [2, 3, 4, 5]            |      4      | 0.00011014938354492188 |
|        21       | 75 |       113       |             [4, 5, 6]              |      3      |    0.00018310546875    |
|        22       | 12 |        27       |               [2, 3]               |      2      | 4.6253204345703125e-05 |
|        22       | 25 |        52       |               [2, 3]               |      2      | 7.605552673339844e-05  |
|        22       | 50 |        95       |            [2, 3, 4, 5]            |      4      | 0.0001437664031982422  |
|        22       | 75 |       130       |            [3, 4, 5, 6]            |      4      |   0.0002288818359375   |
|        23       | 12 |        29       |               [2, 3]               |      2      | 4.696846008300781e-05  |
|        23       | 25 |        57       |             [2, 3, 4]              |      3      | 7.796287536621094e-05  |
|        23       | 50 |       100       |            [2, 3, 4, 5]            |      4      | 0.00016117095947265625 |
|        23       | 75 |       135       |            [3, 4, 5, 6]            |      4      | 0.0002579689025878906  |
|        24       | 12 |        33       |             [2, 3, 4]              |      3      | 5.221366882324219e-05  |
|        24       | 25 |        63       |             [2, 3, 4]              |      3      | 8.702278137207031e-05  |
|        24       | 50 |       112       |            [2, 3, 4, 5]            |      4      | 0.00018596649169921875 |
|        24       | 75 |       140       |            [3, 4, 5, 6]            |      4      | 0.0003299713134765625  |
|        25       | 12 |        35       |               [2, 3]               |      2      | 5.507469177246094e-05  |
|        25       | 25 |        71       |             [2, 3, 4]              |      3      | 0.00011205673217773438 |
|        25       | 50 |       123       |          [2, 3, 4, 5, 6]           |      5      | 0.00021195411682128906 |
|        25       | 75 |       168       |          [3, 4, 5, 6, 7]           |      5      | 0.0003330707550048828  |
|        26       | 12 |        37       |               [2, 3]               |      2      | 5.3882598876953125e-05 |
|        26       | 25 |        75       |             [2, 3, 4]              |      3      | 0.0001163482666015625  |
|        26       | 50 |       132       |             [3, 4, 5]              |      3      | 0.0002219676971435547  |
|        26       | 75 |       170       |            [3, 4, 5, 6]            |      4      | 0.00033402442932128906 |
|        27       | 12 |        41       |               [2, 3]               |      2      | 6.079673767089844e-05  |
|        27       | 25 |        80       |             [2, 3, 4]              |      3      | 0.00010991096496582031 |
|        27       | 50 |       136       |            [2, 3, 4, 5]            |      4      | 0.00021600723266601562 |
|        27       | 75 |       181       |            [3, 4, 5, 6]            |      4      | 0.0003750324249267578  |
|        28       | 12 |        40       |               [2, 3]               |      2      | 6.008148193359375e-05  |
|        28       | 25 |        82       |             [2, 3, 4]              |      3      | 0.00011515617370605469 |
|        28       | 50 |       144       |             [3, 4, 5]              |      3      | 0.0002377033233642578  |
|        28       | 75 |       195       |          [3, 4, 5, 6, 7]           |      5      | 0.0004317760467529297  |
|        29       | 12 |        47       |               [2, 3]               |      2      | 6.723403930664062e-05  |
|        29       | 25 |        89       |            [2, 3, 4, 5]            |      4      | 0.00012803077697753906 |
|        29       | 50 |       164       |             [3, 4, 5]              |      3      | 0.0003027915954589844  |
|        29       | 75 |       216       |          [3, 4, 5, 6, 7]           |      5      | 0.0004830360412597656  |
|        30       | 12 |        51       |               [2, 3]               |      2      | 7.510185241699219e-05  |
|        30       | 25 |        97       |             [2, 3, 4]              |      3      | 0.0001468658447265625  |
|        30       | 50 |       173       |          [2, 3, 4, 5, 6]           |      5      | 0.00034308433532714844 |
|        30       | 75 |       224       |            [3, 4, 5, 6]            |      4      | 0.0005631446838378906  |
|        31       | 12 |        52       |               [2, 3]               |      2      |  7.82012939453125e-05  |
|        31       | 25 |       107       |             [2, 3, 4]              |      3      | 0.00016927719116210938 |
|        31       | 50 |       193       |            [3, 4, 5, 6]            |      4      | 0.0003719329833984375  |
|        31       | 75 |       244       |            [3, 4, 5, 6]            |      4      | 0.0006883144378662109  |
|        32       | 12 |        53       |               [2, 3]               |      2      |  8.20159912109375e-05  |
|        32       | 25 |       108       |            [2, 3, 4, 5]            |      4      | 0.00015783309936523438 |
|        32       | 50 |       198       |          [2, 3, 4, 5, 6]           |      5      | 0.0003657341003417969  |
|        32       | 75 |       271       |          [3, 4, 5, 6, 7]           |      5      | 0.0008387565612792969  |
|        33       | 12 |        59       |             [2, 3, 4]              |      3      |  8.96453857421875e-05  |
|        33       | 25 |       121       |            [2, 3, 4, 5]            |      4      | 0.00018405914306640625 |
|        33       | 50 |       207       |            [3, 4, 5, 6]            |      4      | 0.0003898143768310547  |
|        33       | 75 |       274       |          [3, 4, 5, 6, 7]           |      5      | 0.0007622241973876953  |
|        34       | 12 |        64       |               [2, 3]               |      2      |   9.918212890625e-05   |
|        34       | 25 |       120       |            [2, 3, 4, 5]            |      4      | 0.00018596649169921875 |
|        34       | 50 |       227       |            [3, 4, 5, 6]            |      4      | 0.00047278404235839844 |
|        34       | 75 |       296       |         [3, 4, 5, 6, 7, 8]         |      6      | 0.0008111000061035156  |
|        35       | 12 |        71       |               [2, 3]               |      2      |   0.0001068115234375   |
|        35       | 25 |       134       |            [2, 3, 4, 5]            |      4      | 0.0002009868621826172  |
|        35       | 50 |       235       |          [2, 3, 4, 5, 6]           |      5      | 0.0005009174346923828  |
|        35       | 75 |       311       |          [3, 4, 5, 6, 7]           |      5      | 0.0009360313415527344  |
|        36       | 12 |        72       |             [2, 3, 4]              |      3      | 0.00011229515075683594 |
|        36       | 25 |       143       |            [2, 3, 4, 5]            |      4      | 0.00021696090698242188 |
|        36       | 50 |       253       |            [3, 4, 5, 6]            |      4      | 0.0005440711975097656  |
|        36       | 75 |       337       |          [3, 4, 5, 6, 7]           |      5      | 0.0011289119720458984  |
|        37       | 12 |        72       |               [2, 3]               |      2      | 0.00010704994201660156 |
|        37       | 25 |       150       |             [2, 3, 4]              |      3      |  0.000247955322265625  |
|        37       | 50 |       267       |            [3, 4, 5, 6]            |      4      | 0.0006148815155029297  |
|        37       | 75 |       351       |         [3, 4, 5, 6, 7, 8]         |      6      | 0.0012249946594238281  |
|        38       | 12 |        82       |             [2, 3, 4]              |      3      | 0.00011277198791503906 |
|        38       | 25 |       167       |             [2, 3, 4]              |      3      | 0.0002601146697998047  |
|        38       | 50 |       291       |            [3, 4, 5, 6]            |      4      | 0.0006630420684814453  |
|        38       | 75 |       382       |          [4, 5, 6, 7, 8]           |      5      | 0.0014369487762451172  |
|        39       | 12 |        84       |             [2, 3, 4]              |      3      | 0.00012111663818359375 |
|        39       | 25 |       169       |             [2, 3, 4]              |      3      | 0.00026798248291015625 |
|        39       | 50 |       289       |            [3, 4, 5, 6]            |      4      | 0.0006010532379150391  |
|        39       | 75 |       382       |         [3, 4, 5, 6, 7, 8]         |      6      | 0.0011892318725585938  |
|        40       | 12 |        90       |               [2, 3]               |      2      | 0.00012993812561035156 |
|        40       | 25 |       173       |             [2, 3, 4]              |      3      | 0.00026535987854003906 |
|        40       | 50 |       298       |            [3, 4, 5, 6]            |      4      | 0.0006961822509765625  |
|        40       | 75 |       409       |          [3, 4, 5, 6, 7]           |      5      | 0.0014841556549072266  |
|        41       | 12 |        92       |             [2, 3, 4]              |      3      | 0.00013184547424316406 |
|        41       | 25 |       186       |             [2, 3, 4]              |      3      | 0.00030112266540527344 |
|        41       | 50 |       328       |          [3, 4, 5, 6, 7]           |      5      |  0.000827789306640625  |
|        41       | 75 |       444       |          [4, 5, 6, 7, 8]           |      5      |  0.001878976821899414  |
|        42       | 12 |       100       |             [2, 3, 4]              |      3      | 0.0001418590545654297  |
|        42       | 25 |       195       |             [2, 3, 4]              |      3      | 0.00030612945556640625 |
|        42       | 50 |       337       |          [2, 3, 4, 5, 6]           |      5      | 0.0007798671722412109  |
|        42       | 75 |       465       |         [3, 4, 5, 6, 7, 8]         |      6      | 0.0019948482513427734  |
|        43       | 12 |       104       |             [2, 3, 4]              |      3      | 0.00015091896057128906 |
|        43       | 25 |       208       |             [2, 3, 4]              |      3      | 0.0003299713134765625  |
|        43       | 50 |       354       |            [3, 4, 5, 6]            |      4      | 0.0008568763732910156  |
|        43       | 75 |       478       |          [3, 4, 5, 6, 7]           |      5      |  0.002277851104736328  |
|        44       | 12 |       106       |             [2, 3, 4]              |      3      | 0.00015497207641601562 |
|        44       | 25 |       210       |             [2, 3, 4]              |      3      | 0.0003418922424316406  |
|        44       | 50 |       370       |            [3, 4, 5, 6]            |      4      | 0.0009658336639404297  |
|        44       | 75 |       499       |          [4, 5, 6, 7, 8]           |      5      | 0.0023970603942871094  |
|        45       | 12 |       109       |             [2, 3, 4]              |      3      | 0.00015997886657714844 |
|        45       | 25 |       220       |             [2, 3, 4]              |      3      | 0.0003561973571777344  |
|        45       | 50 |       394       |            [3, 4, 5, 6]            |      4      | 0.0011408329010009766  |
|        45       | 75 |       533       |         [3, 4, 5, 6, 7, 8]         |      6      |  0.002607107162475586  |
|        46       | 12 |       118       |             [2, 3, 4]              |      3      | 0.0001690387725830078  |
|        46       | 25 |       232       |             [2, 3, 4]              |      3      | 0.0003819465637207031  |
|        46       | 50 |       409       |          [2, 3, 4, 5, 6]           |      5      | 0.0010991096496582031  |
|        46       | 75 |       546       |            [4, 5, 6, 7]            |      4      | 0.0027680397033691406  |
|        47       | 12 |       123       |             [2, 3, 4]              |      3      | 0.0001742839813232422  |
|        47       | 25 |       240       |            [2, 3, 4, 5]            |      4      | 0.00039887428283691406 |
|        47       | 50 |       430       |            [3, 4, 5, 6]            |      4      | 0.0012171268463134766  |
|        47       | 75 |       565       |         [3, 4, 5, 6, 7, 8]         |      6      | 0.0027799606323242188  |
|        48       | 12 |       131       |             [2, 3, 4]              |      3      | 0.00019693374633789062 |
|        48       | 25 |       254       |            [2, 3, 4, 5]            |      4      | 0.00042891502380371094 |
|        48       | 50 |       453       |          [3, 4, 5, 6, 7]           |      5      |  0.001325845718383789  |
|        48       | 75 |       597       |         [3, 4, 5, 6, 7, 8]         |      6      | 0.0032660961151123047  |
|        49       | 12 |       137       |             [2, 3, 4]              |      3      | 0.0002040863037109375  |
|        49       | 25 |       267       |            [2, 3, 4, 5]            |      4      | 0.00045800209045410156 |
|        49       | 50 |       477       |            [3, 4, 5, 6]            |      4      | 0.0014889240264892578  |
|        49       | 75 |       643       |         [4, 5, 6, 7, 8, 9]         |      6      |  0.003782987594604492  |
|        50       | 12 |       141       |             [2, 3, 4]              |      3      | 0.00020575523376464844 |
|        50       | 25 |       268       |            [2, 3, 4, 5]            |      4      | 0.0004642009735107422  |
|        50       | 50 |       487       |            [3, 4, 5, 6]            |      4      |   0.0016021728515625   |
|        50       | 75 |       647       |         [3, 4, 5, 6, 7, 8]         |      6      | 0.0038487911224365234  |
|        51       | 12 |       147       |             [2, 3, 4]              |      3      | 0.00021791458129882812 |
|        51       | 25 |       286       |            [2, 3, 4, 5]            |      4      | 0.0005440711975097656  |
|        51       | 50 |       511       |          [3, 4, 5, 6, 7]           |      5      | 0.0017237663269042969  |
|        51       | 75 |       689       |          [4, 5, 6, 7, 8]           |      5      |  0.00445103645324707   |
|        52       | 12 |       152       |             [2, 3, 4]              |      3      | 0.00022792816162109375 |
|        52       | 25 |       295       |            [2, 3, 4, 5]            |      4      | 0.0005941390991210938  |
|        52       | 50 |       532       |            [3, 4, 5, 6]            |      4      | 0.0018608570098876953  |
|        52       | 75 |       706       |       [3, 4, 5, 6, 7, 8, 9]        |      7      |  0.004319906234741211  |
|        53       | 12 |       154       |             [2, 3, 4]              |      3      | 0.00022792816162109375 |
|        53       | 25 |       295       |            [2, 3, 4, 5]            |      4      | 0.0005300045013427734  |
|        53       | 50 |       549       |          [3, 4, 5, 6, 7]           |      5      | 0.0018839836120605469  |
|        53       | 75 |       728       |       [3, 4, 5, 6, 7, 8, 9]        |      7      |  0.004621982574462891  |
|        54       | 12 |       160       |             [2, 3, 4]              |      3      | 0.00023698806762695312 |
|        54       | 25 |       313       |            [2, 3, 4, 5]            |      4      | 0.0005598068237304688  |
|        54       | 50 |       579       |          [3, 4, 5, 6, 7]           |      5      | 0.0020520687103271484  |
|        54       | 75 |       772       |          [4, 5, 6, 7, 8]           |      5      |  0.005937814712524414  |
|        55       | 12 |       164       |             [2, 3, 4]              |      3      | 0.00024008750915527344 |
|        55       | 25 |       322       |            [2, 3, 4, 5]            |      4      | 0.0005550384521484375  |
|        55       | 50 |       593       |          [3, 4, 5, 6, 7]           |      5      | 0.0018570423126220703  |
|        55       | 75 |       791       |       [4, 5, 6, 7, 8, 9, 10]       |      7      |  0.005170106887817383  |
|        56       | 12 |       174       |             [2, 3, 4]              |      3      | 0.0002589225769042969  |
|        56       | 25 |       340       |             [2, 3, 4]              |      3      | 0.0006570816040039062  |
|        56       | 50 |       615       |            [3, 4, 5, 6]            |      4      | 0.0022919178009033203  |
|        56       | 75 |       830       |          [4, 5, 6, 7, 8]           |      5      |  0.006948947906494141  |
|        57       | 12 |       181       |             [2, 3, 4]              |      3      | 0.00026488304138183594 |
|        57       | 25 |       353       |            [2, 3, 4, 5]            |      4      | 0.0006530284881591797  |
|        57       | 50 |       639       |          [3, 4, 5, 6, 7]           |      5      |  0.002171039581298828  |
|        57       | 75 |       847       |          [4, 5, 6, 7, 8]           |      5      |  0.006569862365722656  |
|        58       | 12 |       189       |             [2, 3, 4]              |      3      | 0.0002741813659667969  |
|        58       | 25 |       374       |            [2, 3, 4, 5]            |      4      | 0.0007030963897705078  |
|        58       | 50 |       662       |          [3, 4, 5, 6, 7]           |      5      | 0.0024518966674804688  |
|        58       | 75 |       885       |          [4, 5, 6, 7, 8]           |      5      | 0.0073299407958984375  |
|        59       | 12 |       195       |             [2, 3, 4]              |      3      | 0.0002868175506591797  |
|        59       | 25 |       381       |            [2, 3, 4, 5]            |      4      | 0.0007491111755371094  |
|        59       | 50 |       674       |          [3, 4, 5, 6, 7]           |      5      | 0.0025153160095214844  |
|        59       | 75 |       900       |         [3, 4, 5, 6, 7, 8]         |      6      |  0.007043123245239258  |
|        60       | 12 |       204       |             [2, 3, 4]              |      3      | 0.0002999305725097656  |
|        60       | 25 |       393       |            [2, 3, 4, 5]            |      4      | 0.0007648468017578125  |
|        60       | 50 |       701       |          [3, 4, 5, 6, 7]           |      5      | 0.0025658607482910156  |
|        60       | 75 |       928       |         [4, 5, 6, 7, 8, 9]         |      6      |  0.007340908050537109  |
|        61       | 12 |       211       |             [2, 3, 4]              |      3      | 0.00032520294189453125 |
|        61       | 25 |       403       |            [2, 3, 4, 5]            |      4      | 0.0007891654968261719  |
|        61       | 50 |       722       |          [3, 4, 5, 6, 7]           |      5      | 0.0026900768280029297  |
|        61       | 75 |       969       |     [3, 4, 5, 6, 7, 8, 9, 10]      |      8      |  0.008270740509033203  |
|        62       | 12 |       216       |             [2, 3, 4]              |      3      | 0.00033283233642578125 |
|        62       | 25 |       423       |            [2, 3, 4, 5]            |      4      | 0.0009160041809082031  |
|        62       | 50 |       740       |          [3, 4, 5, 6, 7]           |      5      | 0.0028548240661621094  |
|        62       | 75 |       1001      |         [4, 5, 6, 7, 8, 9]         |      6      |  0.009067058563232422  |
|        63       | 12 |       222       |             [2, 3, 4]              |      3      | 0.00035691261291503906 |
|        63       | 25 |       435       |            [2, 3, 4, 5]            |      4      | 0.0008819103240966797  |
|        63       | 50 |       765       |          [3, 4, 5, 6, 7]           |      5      |  0.002869129180908203  |
|        63       | 75 |       1027      |         [4, 5, 6, 7, 8, 9]         |      6      |  0.009692907333374023  |
|        64       | 12 |       226       |             [2, 3, 4]              |      3      | 0.0003402233123779297  |
|        64       | 25 |       448       |            [2, 3, 4, 5]            |      4      | 0.0009059906005859375  |
|        64       | 50 |       792       |         [3, 4, 5, 6, 7, 8]         |      6      |  0.003187894821166992  |
|        64       | 75 |       1061      |          [4, 5, 6, 7, 8]           |      5      |  0.01048421859741211   |
|        65       | 12 |       235       |             [2, 3, 4]              |      3      | 0.0003590583801269531  |
|        65       | 25 |       458       |            [2, 3, 4, 5]            |      4      | 0.0010209083557128906  |
|        65       | 50 |       820       |          [3, 4, 5, 6, 7]           |      5      | 0.0036139488220214844  |
|        65       | 75 |       1112      |         [4, 5, 6, 7, 8, 9]         |      6      |  0.013086795806884766  |
|        66       | 12 |       243       |             [2, 3, 4]              |      3      | 0.0003650188446044922  |
|        66       | 25 |       473       |          [2, 3, 4, 5, 6]           |      5      |   0.001068115234375    |
|        66       | 50 |       847       |          [3, 4, 5, 6, 7]           |      5      | 0.0036580562591552734  |
|        66       | 75 |       1141      |         [4, 5, 6, 7, 8, 9]         |      6      |  0.012897014617919922  |
|        67       | 12 |       251       |             [2, 3, 4]              |      3      | 0.0003719329833984375  |
|        67       | 25 |       486       |            [2, 3, 4, 5]            |      4      |  0.00109100341796875   |
|        67       | 50 |       868       |          [3, 4, 5, 6, 7]           |      5      |  0.003911256790161133  |
|        67       | 75 |       1178      |         [4, 5, 6, 7, 8, 9]         |      6      |  0.013752937316894531  |
|        68       | 12 |       257       |             [2, 3, 4]              |      3      | 0.0004000663757324219  |
|        68       | 25 |       496       |            [2, 3, 4, 5]            |      4      | 0.0011587142944335938  |
|        68       | 50 |       881       |          [3, 4, 5, 6, 7]           |      5      |  0.00409698486328125   |
|        68       | 75 |       1202      |         [4, 5, 6, 7, 8, 9]         |      6      |  0.014250040054321289  |
|        69       | 12 |       265       |             [2, 3, 4]              |      3      | 0.0004191398620605469  |
|        69       | 25 |       504       |            [2, 3, 4, 5]            |      4      | 0.0010981559753417969  |
|        69       | 50 |       903       |          [3, 4, 5, 6, 7]           |      5      |  0.003869771957397461  |
|        69       | 75 |       1219      |         [4, 5, 6, 7, 8, 9]         |      6      |  0.013125896453857422  |
|        70       | 12 |       269       |             [2, 3, 4]              |      3      | 0.0004069805145263672  |
|        70       | 25 |       527       |            [2, 3, 4, 5]            |      4      | 0.0011899471282958984  |
|        70       | 50 |       928       |          [3, 4, 5, 6, 7]           |      5      |  0.004041910171508789  |
|        70       | 75 |       1244      |         [4, 5, 6, 7, 8, 9]         |      6      |  0.01317596435546875   |
|        71       | 12 |       284       |             [2, 3, 4]              |      3      | 0.0005741119384765625  |
|        71       | 25 |       543       |            [2, 3, 4, 5]            |      4      |  0.001241922378540039  |
|        71       | 50 |       973       |          [3, 4, 5, 6, 7]           |      5      |  0.004807949066162109  |
|        71       | 75 |       1314      |         [4, 5, 6, 7, 8, 9]         |      6      |  0.017352819442749023  |
|        72       | 12 |       284       |             [2, 3, 4]              |      3      | 0.0004239082336425781  |
|        72       | 25 |       553       |          [2, 3, 4, 5, 6]           |      5      | 0.0011970996856689453  |
|        72       | 50 |       996       |          [3, 4, 5, 6, 7]           |      5      |  0.004767894744873047  |
|        72       | 75 |       1341      |         [4, 5, 6, 7, 8, 9]         |      6      |  0.01791524887084961   |
|        73       | 12 |       293       |             [2, 3, 4]              |      3      | 0.0004658699035644531  |
|        73       | 25 |       573       |            [2, 3, 4, 5]            |      4      | 0.0018758773803710938  |
|        73       | 50 |       1029      |          [3, 4, 5, 6, 7]           |      5      | 0.0058329105377197266  |
|        73       | 75 |       1398      |       [4, 5, 6, 7, 8, 9, 10]       |      7      |  0.02209305763244629   |
|        74       | 12 |       306       |             [2, 3, 4]              |      3      | 0.0005230903625488281  |
|        74       | 25 |       597       |            [2, 3, 4, 5]            |      4      | 0.0013790130615234375  |
|        74       | 50 |       1053      |          [3, 4, 5, 6, 7]           |      5      |  0.005709171295166016  |
|        74       | 75 |       1416      |         [4, 5, 6, 7, 8, 9]         |      6      |  0.02121901512145996   |
|        75       | 12 |       319       |             [2, 3, 4]              |      3      | 0.0005049705505371094  |
|        75       | 25 |       623       |            [2, 3, 4, 5]            |      4      | 0.0014960765838623047  |
|        75       | 50 |       1085      |          [3, 4, 5, 6, 7]           |      5      | 0.0058498382568359375  |
|        75       | 75 |       1465      |         [4, 5, 6, 7, 8, 9]         |      6      |  0.02228093147277832   |
|        76       | 12 |       321       |             [2, 3, 4]              |      3      | 0.0005087852478027344  |
|        76       | 25 |       635       |            [2, 3, 4, 5]            |      4      | 0.0014770030975341797  |
|        76       | 50 |       1125      |          [3, 4, 5, 6, 7]           |      5      |  0.006143093109130859  |
|        76       | 75 |       1506      |       [4, 5, 6, 7, 8, 9, 10]       |      7      |  0.02358412742614746   |
|        77       | 12 |       328       |             [2, 3, 4]              |      3      | 0.0005323886871337891  |
|        77       | 25 |       653       |          [2, 3, 4, 5, 6]           |      5      | 0.0015211105346679688  |
|        77       | 50 |       1160      |         [3, 4, 5, 6, 7, 8]         |      6      |  0.00646209716796875   |
|        77       | 75 |       1540      |       [4, 5, 6, 7, 8, 9, 10]       |      7      |  0.02326202392578125   |
|        78       | 12 |       342       |             [2, 3, 4]              |      3      | 0.0005812644958496094  |
|        78       | 25 |       668       |            [2, 3, 4, 5]            |      4      | 0.0016238689422607422  |
|        78       | 50 |       1176      |          [3, 4, 5, 6, 7]           |      5      |  0.006739139556884766  |
|        78       | 75 |       1593      |         [4, 5, 6, 7, 8, 9]         |      6      |  0.028534889221191406  |
|        79       | 12 |       351       |             [2, 3, 4]              |      3      | 0.0005819797515869141  |
|        79       | 25 |       683       |            [2, 3, 4, 5]            |      4      |  0.00162506103515625   |
|        79       | 50 |       1201      |          [3, 4, 5, 6, 7]           |      5      | 0.0073642730712890625  |
|        79       | 75 |       1599      |         [4, 5, 6, 7, 8, 9]         |      6      |  0.025661945343017578  |
|        80       | 12 |       359       |            [2, 3, 4, 5]            |      4      | 0.0006799697875976562  |
|        80       | 25 |       700       |            [2, 3, 4, 5]            |      4      | 0.0018801689147949219  |
|        80       | 50 |       1241      |         [3, 4, 5, 6, 7, 8]         |      6      |  0.007826805114746094  |
|        80       | 75 |       1647      |         [4, 5, 6, 7, 8, 9]         |      6      |  0.028897762298583984  |
|        81       | 12 |       367       |            [2, 3, 4, 5]            |      4      | 0.0006511211395263672  |
|        81       | 25 |       712       |          [2, 3, 4, 5, 6]           |      5      | 0.0018339157104492188  |
|        81       | 50 |       1256      |         [3, 4, 5, 6, 7, 8]         |      6      |  0.007565021514892578  |
|        81       | 75 |       1682      |         [4, 5, 6, 7, 8, 9]         |      6      |  0.02933812141418457   |
|        82       | 12 |       376       |             [2, 3, 4]              |      3      | 0.0006589889526367188  |
|        82       | 25 |       735       |            [2, 3, 4, 5]            |      4      | 0.0018770694732666016  |
|        82       | 50 |       1296      |         [3, 4, 5, 6, 7, 8]         |      6      |  0.007985115051269531  |
|        82       | 75 |       1716      |         [4, 5, 6, 7, 8, 9]         |      6      |  0.029680728912353516  |
|        83       | 12 |       383       |             [2, 3, 4]              |      3      |  0.000659942626953125  |
|        83       | 25 |       747       |            [2, 3, 4, 5]            |      4      | 0.0018241405487060547  |
|        83       | 50 |       1322      |         [3, 4, 5, 6, 7, 8]         |      6      |  0.007752895355224609  |
|        83       | 75 |       1776      |       [4, 5, 6, 7, 8, 9, 10]       |      7      |  0.03173184394836426   |
|        84       | 12 |       390       |             [2, 3, 4]              |      3      | 0.0006380081176757812  |
|        84       | 25 |       778       |            [2, 3, 4, 5]            |      4      | 0.0019567012786865234  |
|        84       | 50 |       1368      |          [3, 4, 5, 6, 7]           |      5      |  0.008651971817016602  |
|        84       | 75 |       1828      |       [4, 5, 6, 7, 8, 9, 10]       |      7      |  0.03441214561462402   |
|        85       | 12 |       405       |             [2, 3, 4]              |      3      | 0.0007588863372802734  |
|        85       | 25 |       801       |          [2, 3, 4, 5, 6]           |      5      | 0.0020809173583984375  |
|        85       | 50 |       1376      |         [3, 4, 5, 6, 7, 8]         |      6      |  0.008932828903198242  |
|        85       | 75 |       1866      |         [4, 5, 6, 7, 8, 9]         |      6      |  0.03873014450073242   |
|        86       | 12 |       423       |             [2, 3, 4]              |      3      | 0.0008289813995361328  |
|        86       | 25 |       812       |          [2, 3, 4, 5, 6]           |      5      | 0.0020639896392822266  |
|        86       | 50 |       1435      |         [3, 4, 5, 6, 7, 8]         |      6      |  0.010174036026000977  |
|        86       | 75 |       1932      |       [4, 5, 6, 7, 8, 9, 10]       |      7      |   0.0425410270690918   |
|        87       | 12 |       425       |             [2, 3, 4]              |      3      | 0.0008099079132080078  |
|        87       | 25 |       828       |            [2, 3, 4, 5]            |      4      |  0.002167940139770508  |
|        87       | 50 |       1477      |         [3, 4, 5, 6, 7, 8]         |      6      |  0.010481834411621094  |
|        87       | 75 |       1966      |         [4, 5, 6, 7, 8, 9]         |      6      |  0.04367399215698242   |
|        88       | 12 |       426       |            [2, 3, 4, 5]            |      4      | 0.0007808208465576172  |
|        88       | 25 |       844       |            [2, 3, 4, 5]            |      4      | 0.0021958351135253906  |
|        88       | 50 |       1511      |          [3, 4, 5, 6, 7]           |      5      |  0.010905027389526367  |
|        88       | 75 |       2031      |       [4, 5, 6, 7, 8, 9, 10]       |      7      |  0.04783892631530762   |
|        89       | 12 |       438       |             [2, 3, 4]              |      3      | 0.0008151531219482422  |
|        89       | 25 |       860       |          [2, 3, 4, 5, 6]           |      5      | 0.0021750926971435547  |
|        89       | 50 |       1560      |         [3, 4, 5, 6, 7, 8]         |      6      |  0.011777639389038086  |
|        89       | 75 |       2068      |       [4, 5, 6, 7, 8, 9, 10]       |      7      |  0.051503896713256836  |
|        90       | 12 |       446       |             [2, 3, 4]              |      3      | 0.0008261203765869141  |
|        90       | 25 |       884       |            [2, 3, 4, 5]            |      4      |  0.002343893051147461  |
|        90       | 50 |       1578      |          [3, 4, 5, 6, 7]           |      5      |  0.011812925338745117  |
|        90       | 75 |       2120      |       [4, 5, 6, 7, 8, 9, 10]       |      7      |  0.05475902557373047   |
|        91       | 12 |       461       |             [2, 3, 4]              |      3      | 0.0008711814880371094  |
|        91       | 25 |       908       |            [2, 3, 4, 5]            |      4      | 0.0023889541625976562  |
|        91       | 50 |       1596      |          [3, 4, 5, 6, 7]           |      5      |  0.011793136596679688  |
|        91       | 75 |       2173      |       [4, 5, 6, 7, 8, 9, 10]       |      7      |  0.059471845626831055  |
|        92       | 12 |       467       |             [2, 3, 4]              |      3      | 0.0009169578552246094  |
|        92       | 25 |       926       |            [2, 3, 4, 5]            |      4      | 0.0024712085723876953  |
|        92       | 50 |       1624      |         [3, 4, 5, 6, 7, 8]         |      6      |  0.011360883712768555  |
|        92       | 75 |       2213      |       [4, 5, 6, 7, 8, 9, 10]       |      7      |  0.05861496925354004   |
|        93       | 12 |       480       |             [2, 3, 4]              |      3      | 0.0008630752563476562  |
|        93       | 25 |       948       |            [2, 3, 4, 5]            |      4      |  0.002550840377807617  |
|        93       | 50 |       1684      |         [3, 4, 5, 6, 7, 8]         |      6      |  0.013867855072021484  |
|        93       | 75 |       2266      |       [4, 5, 6, 7, 8, 9, 10]       |      7      |  0.06460690498352051   |
|        94       | 12 |       487       |            [2, 3, 4, 5]            |      4      | 0.0008828639984130859  |
|        94       | 25 |       972       |            [2, 3, 4, 5]            |      4      | 0.0025701522827148438  |
|        94       | 50 |       1710      |         [3, 4, 5, 6, 7, 8]         |      6      |  0.012828826904296875  |
|        94       | 75 |       2317      |     [4, 5, 6, 7, 8, 9, 10, 11]     |      8      |  0.06506180763244629   |
|        95       | 12 |       511       |             [2, 3, 4]              |      3      | 0.0008680820465087891  |
|        95       | 25 |       994       |          [2, 3, 4, 5, 6]           |      5      | 0.0026628971099853516  |
|        95       | 50 |       1751      |         [3, 4, 5, 6, 7, 8]         |      6      |  0.014487981796264648  |
|        95       | 75 |       2351      |       [4, 5, 6, 7, 8, 9, 10]       |      7      |  0.06609010696411133   |
|        96       | 12 |       521       |             [2, 3, 4]              |      3      | 0.0009260177612304688  |
|        96       | 25 |       1010      |          [2, 3, 4, 5, 6]           |      5      | 0.0028009414672851562  |
|        96       | 50 |       1791      |         [3, 4, 5, 6, 7, 8]         |      6      |  0.015434026718139648  |
|        96       | 75 |       2401      |       [4, 5, 6, 7, 8, 9, 10]       |      7      |  0.07731103897094727   |
|        97       | 12 |       533       |            [2, 3, 4, 5]            |      4      | 0.0009348392486572266  |
|        97       | 25 |       1039      |          [2, 3, 4, 5, 6]           |      5      | 0.0028352737426757812  |
|        97       | 50 |       1819      |         [3, 4, 5, 6, 7, 8]         |      6      |  0.014917850494384766  |
|        97       | 75 |       2438      |     [4, 5, 6, 7, 8, 9, 10, 11]     |      8      |  0.07097601890563965   |
|        98       | 12 |       547       |             [2, 3, 4]              |      3      | 0.0009667873382568359  |
|        98       | 25 |       1073      |            [2, 3, 4, 5]            |      4      | 0.0031690597534179688  |
|        98       | 50 |       1888      |          [3, 4, 5, 6, 7]           |      5      |  0.01718306541442871   |
|        98       | 75 |       2523      |       [4, 5, 6, 7, 8, 9, 10]       |      7      |   0.0828399658203125   |
|        99       | 12 |       552       |            [2, 3, 4, 5]            |      4      | 0.0009927749633789062  |
|        99       | 25 |       1077      |          [2, 3, 4, 5, 6]           |      5      | 0.0030879974365234375  |
|        99       | 50 |       1915      |         [3, 4, 5, 6, 7, 8]         |      6      |  0.017646074295043945  |
|        99       | 75 |       2549      |       [4, 5, 6, 7, 8, 9, 10]       |      7      |  0.08389592170715332   |
|       100       | 12 |       567       |             [2, 3, 4]              |      3      | 0.0010178089141845703  |
|       100       | 25 |       1109      |          [2, 3, 4, 5, 6]           |      5      |  0.003245830535888672  |
|       100       | 50 |       1975      |         [3, 4, 5, 6, 7, 8]         |      6      |  0.018681049346923828  |
|       100       | 75 |       2601      |       [4, 5, 6, 7, 8, 9, 10]       |      7      |  0.08508706092834473   |
|       101       | 12 |       569       |             [2, 3, 4]              |      3      | 0.0010139942169189453  |
|       101       | 25 |       1107      |            [2, 3, 4, 5]            |      4      | 0.0032613277435302734  |
|       101       | 50 |       1995      |         [3, 4, 5, 6, 7, 8]         |      6      |  0.018497943878173828  |
|       101       | 75 |       2648      |         [4, 5, 6, 7, 8, 9]         |      6      |  0.09174776077270508   |
|       102       | 12 |       586       |             [2, 3, 4]              |      3      |  0.001070261001586914  |
|       102       | 25 |       1144      |            [2, 3, 4, 5]            |      4      | 0.0032961368560791016  |
|       102       | 50 |       2030      |         [3, 4, 5, 6, 7, 8]         |      6      |  0.018963336944580078  |
|       102       | 75 |       2683      |       [4, 5, 6, 7, 8, 9, 10]       |      7      |  0.09088277816772461   |
|       103       | 12 |       593       |            [2, 3, 4, 5]            |      4      | 0.0010180473327636719  |
|       103       | 25 |       1160      |          [2, 3, 4, 5, 6]           |      5      | 0.0033631324768066406  |
|       103       | 50 |       2084      |         [3, 4, 5, 6, 7, 8]         |      6      |  0.020196914672851562  |
|       103       | 75 |       2783      |       [4, 5, 6, 7, 8, 9, 10]       |      7      |   0.1032419204711914   |
|       104       | 12 |       609       |             [2, 3, 4]              |      3      |  0.001074075698852539  |
|       104       | 25 |       1189      |          [2, 3, 4, 5, 6]           |      5      | 0.0034399032592773438  |
|       104       | 50 |       2126      |         [3, 4, 5, 6, 7, 8]         |      6      |  0.020835161209106445  |
|       104       | 75 |       2864      |       [4, 5, 6, 7, 8, 9, 10]       |      7      |  0.11300992965698242   |
|       105       | 12 |       622       |            [2, 3, 4, 5]            |      4      | 0.0011188983917236328  |
|       105       | 25 |       1207      |          [2, 3, 4, 5, 6]           |      5      | 0.0034368038177490234  |
|       105       | 50 |       2124      |         [3, 4, 5, 6, 7, 8]         |      6      |  0.019053936004638672  |
|       105       | 75 |       2900      |       [4, 5, 6, 7, 8, 9, 10]       |      7      |   0.1138908863067627   |
|       106       | 12 |       637       |             [2, 3, 4]              |      3      |   0.001129150390625    |
|       106       | 25 |       1227      |          [2, 3, 4, 5, 6]           |      5      |  0.003505229949951172  |
|       106       | 50 |       2183      |         [3, 4, 5, 6, 7, 8]         |      6      |  0.021676063537597656  |
|       106       | 75 |       2928      |       [4, 5, 6, 7, 8, 9, 10]       |      7      |  0.11255669593811035   |
|       107       | 12 |       649       |             [2, 3, 4]              |      3      | 0.0011560916900634766  |
|       107       | 25 |       1259      |          [2, 3, 4, 5, 6]           |      5      | 0.0036230087280273438  |
|       107       | 50 |       2251      |         [3, 4, 5, 6, 7, 8]         |      6      |   0.0229489803314209   |
|       107       | 75 |       3017      |     [4, 5, 6, 7, 8, 9, 10, 11]     |      8      |   0.1358811855316162   |
|       108       | 12 |       659       |            [2, 3, 4, 5]            |      4      | 0.0011761188507080078  |
|       108       | 25 |       1291      |          [2, 3, 4, 5, 6]           |      5      | 0.0038089752197265625  |
|       108       | 50 |       2274      |         [3, 4, 5, 6, 7, 8]         |      6      |  0.023443937301635742  |
|       108       | 75 |       3046      |       [4, 5, 6, 7, 8, 9, 10]       |      7      |  0.13088583946228027   |
|       109       | 12 |       665       |            [2, 3, 4, 5]            |      4      |  0.00119781494140625   |
|       109       | 25 |       1304      |          [2, 3, 4, 5, 6]           |      5      |  0.003930807113647461  |
|       109       | 50 |       2324      |         [3, 4, 5, 6, 7, 8]         |      6      |  0.024782180786132812  |
|       109       | 75 |       3084      |     [4, 5, 6, 7, 8, 9, 10, 11]     |      8      |  0.12914586067199707   |
|       110       | 12 |       679       |             [2, 3, 4]              |      3      |  0.001219034194946289  |
|       110       | 25 |       1336      |            [3, 4, 5, 6]            |      4      |  0.003983974456787109  |
|       110       | 50 |       2352      |         [3, 4, 5, 6, 7, 8]         |      6      |  0.024793148040771484  |
|       110       | 75 |       3150      |       [4, 5, 6, 7, 8, 9, 10]       |      7      |  0.13803815841674805   |
|       111       | 12 |       691       |             [2, 3, 4]              |      3      | 0.0012888908386230469  |
|       111       | 25 |       1347      |            [2, 3, 4, 5]            |      4      |  0.004033088684082031  |
|       111       | 50 |       2388      |         [3, 4, 5, 6, 7, 8]         |      6      |  0.025641918182373047  |
|       111       | 75 |       3197      |       [4, 5, 6, 7, 8, 9, 10]       |      7      |  0.13759517669677734   |
|       112       | 12 |       703       |            [2, 3, 4, 5]            |      4      | 0.0013151168823242188  |
|       112       | 25 |       1369      |          [2, 3, 4, 5, 6]           |      5      |  0.004117012023925781  |
|       112       | 50 |       2433      |         [3, 4, 5, 6, 7, 8]         |      6      |  0.02667522430419922   |
|       112       | 75 |       3283      |       [4, 5, 6, 7, 8, 9, 10]       |      7      |  0.15088200569152832   |
|       113       | 12 |       705       |             [2, 3, 4]              |      3      | 0.0014519691467285156  |
|       113       | 25 |       1398      |          [2, 3, 4, 5, 6]           |      5      |  0.004274845123291016  |
|       113       | 50 |       2475      |         [3, 4, 5, 6, 7, 8]         |      6      |  0.027404069900512695  |
|       113       | 75 |       3300      |       [4, 5, 6, 7, 8, 9, 10]       |      7      |  0.14935684204101562   |
|       114       | 12 |       716       |            [2, 3, 4, 5]            |      4      |  0.001341104507446289  |
|       114       | 25 |       1416      |          [2, 3, 4, 5, 6]           |      5      |  0.004391908645629883  |
|       114       | 50 |       2521      |       [3, 4, 5, 6, 7, 8, 9]        |      7      |  0.02882695198059082   |
|       114       | 75 |       3362      |   [4, 5, 6, 7, 8, 9, 10, 11, 12]   |      9      |  0.15940189361572266   |
|       115       | 12 |       747       |             [2, 3, 4]              |      3      |  0.001477956771850586  |
|       115       | 25 |       1439      |          [2, 3, 4, 5, 6]           |      5      |  0.00449681282043457   |
|       115       | 50 |       2598      |       [3, 4, 5, 6, 7, 8, 9]        |      7      |  0.031085968017578125  |
|       115       | 75 |       3465      |     [4, 5, 6, 7, 8, 9, 10, 11]     |      8      |  0.17705011367797852   |
|       116       | 12 |       761       |            [2, 3, 4, 5]            |      4      | 0.0014448165893554688  |
|       116       | 25 |       1479      |          [2, 3, 4, 5, 6]           |      5      |  0.004600048065185547  |
|       116       | 50 |       2649      |         [3, 4, 5, 6, 7, 8]         |      6      |  0.03272128105163574   |
|       116       | 75 |       3525      |     [4, 5, 6, 7, 8, 9, 10, 11]     |      8      |  0.18352365493774414   |
|       117       | 12 |       769       |            [2, 3, 4, 5]            |      4      | 0.0014159679412841797  |
|       117       | 25 |       1511      |          [2, 3, 4, 5, 6]           |      5      |  0.004670858383178711  |
|       117       | 50 |       2679      |       [3, 4, 5, 6, 7, 8, 9]        |      7      |   0.0330960750579834   |
|       117       | 75 |       3576      |       [4, 5, 6, 7, 8, 9, 10]       |      7      |  0.19231700897216797   |
|       118       | 12 |       782       |            [2, 3, 4, 5]            |      4      | 0.0014858245849609375  |
|       118       | 25 |       1539      |          [2, 3, 4, 5, 6]           |      5      | 0.0047969818115234375  |
|       118       | 50 |       2729      |         [3, 4, 5, 6, 7, 8]         |      6      |  0.03491687774658203   |
|       118       | 75 |       3685      |     [4, 5, 6, 7, 8, 9, 10, 11]     |      8      |  0.22700977325439453   |
|       119       | 12 |       789       |             [2, 3, 4]              |      3      | 0.0015239715576171875  |
|       119       | 25 |       1533      |          [2, 3, 4, 5, 6]           |      5      |  0.004932880401611328  |
|       119       | 50 |       2772      |         [3, 4, 5, 6, 7, 8]         |      6      |  0.03642392158508301   |
|       119       | 75 |       3691      |   [4, 5, 6, 7, 8, 9, 10, 11, 12]   |      9      |  0.21076202392578125   |
|       120       | 12 |       806       |             [2, 3, 4]              |      3      |  0.001542806625366211  |
|       120       | 25 |       1574      |          [2, 3, 4, 5, 6]           |      5      |  0.004978179931640625  |
|       120       | 50 |       2834      |         [3, 4, 5, 6, 7, 8]         |      6      |  0.03684186935424805   |
|       120       | 75 |       3798      |     [4, 5, 6, 7, 8, 9, 10, 11]     |      8      |  0.23993396759033203   |
|       121       | 12 |       821       |            [2, 3, 4, 5]            |      4      | 0.0016202926635742188  |
|       121       | 25 |       1609      |          [2, 3, 4, 5, 6]           |      5      |  0.005239009857177734  |
|       121       | 50 |       2860      |         [3, 4, 5, 6, 7, 8]         |      6      |  0.036273956298828125  |
|       121       | 75 |       3820      |     [4, 5, 6, 7, 8, 9, 10, 11]     |      8      |  0.22507882118225098   |
|       122       | 12 |       834       |            [2, 3, 4, 5]            |      4      | 0.0015707015991210938  |
|       122       | 25 |       1628      |            [2, 3, 4, 5]            |      4      |  0.005341053009033203  |
|       122       | 50 |       2930      |         [3, 4, 5, 6, 7, 8]         |      6      |   0.0405120849609375   |
|       122       | 75 |       3894      |       [4, 5, 6, 7, 8, 9, 10]       |      7      |   0.2450721263885498   |
|       123       | 12 |       840       |            [2, 3, 4, 5]            |      4      |  0.001661062240600586  |
|       123       | 25 |       1643      |          [2, 3, 4, 5, 6]           |      5      |  0.005357265472412109  |
|       123       | 50 |       2951      |         [3, 4, 5, 6, 7, 8]         |      6      |  0.03879809379577637   |
|       123       | 75 |       3909      |       [4, 5, 6, 7, 8, 9, 10]       |      7      |  0.22135186195373535   |
|       124       | 12 |       858       |            [2, 3, 4, 5]            |      4      | 0.0017020702362060547  |
|       124       | 25 |       1685      |          [2, 3, 4, 5, 6]           |      5      |  0.006025791168212891  |
|       124       | 50 |       3008      |         [3, 4, 5, 6, 7, 8]         |      6      |  0.047106027603149414  |
|       124       | 75 |       4018      |     [4, 5, 6, 7, 8, 9, 10, 11]     |      8      |  0.25496602058410645   |
|       125       | 12 |       882       |            [2, 3, 4, 5]            |      4      | 0.0017600059509277344  |
|       125       | 25 |       1717      |            [3, 4, 5, 6]            |      4      |  0.005672931671142578  |
|       125       | 50 |       3049      |         [3, 4, 5, 6, 7, 8]         |      6      |  0.04422307014465332   |
|       125       | 75 |       4075      |       [4, 5, 6, 7, 8, 9, 10]       |      7      |   0.2791879177093506   |
|       126       | 12 |       893       |            [2, 3, 4, 5]            |      4      | 0.0017418861389160156  |
|       126       | 25 |       1742      |          [2, 3, 4, 5, 6]           |      5      |  0.005842924118041992  |
|       126       | 50 |       3109      |         [3, 4, 5, 6, 7, 8]         |      6      |  0.043627023696899414  |
|       126       | 75 |       4165      |   [4, 5, 6, 7, 8, 9, 10, 11, 12]   |      9      |  0.28575611114501953   |
|       127       | 12 |       915       |            [2, 3, 4, 5]            |      4      | 0.0019299983978271484  |
|       127       | 25 |       1777      |          [2, 3, 4, 5, 6]           |      5      | 0.0070171356201171875  |
|       127       | 50 |       3150      |         [3, 4, 5, 6, 7, 8]         |      6      |  0.04724931716918945   |
|       127       | 75 |       4223      |       [4, 5, 6, 7, 8, 9, 10]       |      7      |   0.3244338035583496   |
|       128       | 12 |       914       |            [2, 3, 4, 5]            |      4      | 0.0019130706787109375  |
|       128       | 25 |       1807      |          [2, 3, 4, 5, 6]           |      5      | 0.0065441131591796875  |
|       128       | 50 |       3237      |       [3, 4, 5, 6, 7, 8, 9]        |      7      |  0.050852060317993164  |
|       128       | 75 |       4292      |       [4, 5, 6, 7, 8, 9, 10]       |      7      |  0.32111692428588867   |
|       129       | 12 |       925       |            [2, 3, 4, 5]            |      4      | 0.0018482208251953125  |
|       129       | 25 |       1834      |          [2, 3, 4, 5, 6]           |      5      |  0.006593942642211914  |
|       129       | 50 |       3251      |         [3, 4, 5, 6, 7, 8]         |      6      |  0.04856085777282715   |
|       129       | 75 |       4374      |     [4, 5, 6, 7, 8, 9, 10, 11]     |      8      |   0.3428468704223633   |
|       130       | 12 |       935       |            [2, 3, 4, 5]            |      4      | 0.0019147396087646484  |
|       130       | 25 |       1850      |            [3, 4, 5, 6]            |      4      |  0.006583690643310547  |
|       130       | 50 |       3316      |          [4, 5, 6, 7, 8]           |      5      |  0.05157303810119629   |
|       130       | 75 |       4449      |     [4, 5, 6, 7, 8, 9, 10, 11]     |      8      |   0.3736879825592041   |
|       131       | 12 |       955       |            [2, 3, 4, 5]            |      4      | 0.0020301342010498047  |
|       131       | 25 |       1865      |            [3, 4, 5, 6]            |      4      |  0.006712913513183594  |
|       131       | 50 |       3340      |         [3, 4, 5, 6, 7, 8]         |      6      |  0.05108380317687988   |
|       131       | 75 |       4532      |     [4, 5, 6, 7, 8, 9, 10, 11]     |      8      |   0.3838498592376709   |
|       132       | 12 |       969       |            [2, 3, 4, 5]            |      4      |  0.002031087875366211  |
|       132       | 25 |       1906      |          [2, 3, 4, 5, 6]           |      5      |  0.006778717041015625  |
|       132       | 50 |       3410      |       [3, 4, 5, 6, 7, 8, 9]        |      7      |  0.054472923278808594  |
|       132       | 75 |       4569      |   [4, 5, 6, 7, 8, 9, 10, 11, 12]   |      9      |   0.3807370662689209   |
|       133       | 12 |       991       |            [2, 3, 4, 5]            |      4      | 0.0021440982818603516  |
|       133       | 25 |       1956      |          [2, 3, 4, 5, 6]           |      5      |  0.007269859313964844  |
|       133       | 50 |       3472      |         [3, 4, 5, 6, 7, 8]         |      6      |  0.055976152420043945  |
|       133       | 75 |       4625      |     [4, 5, 6, 7, 8, 9, 10, 11]     |      8      |  0.38423609733581543   |
|       134       | 12 |       1005      |            [2, 3, 4, 5]            |      4      | 0.0021941661834716797  |
|       134       | 25 |       1979      |            [3, 4, 5, 6]            |      4      |  0.008142709732055664  |
|       134       | 50 |       3514      |       [3, 4, 5, 6, 7, 8, 9]        |      7      |  0.06200289726257324   |
|       134       | 75 |       4715      |   [4, 5, 6, 7, 8, 9, 10, 11, 12]   |      9      |  0.42139410972595215   |
|       135       | 12 |       1009      |             [2, 3, 4]              |      3      | 0.0021479129791259766  |
|       135       | 25 |       1993      |          [2, 3, 4, 5, 6]           |      5      | 0.0077571868896484375  |
|       135       | 50 |       3575      |       [3, 4, 5, 6, 7, 8, 9]        |      7      |  0.06172680854797363   |
|       135       | 75 |       4780      |     [4, 5, 6, 7, 8, 9, 10, 11]     |      8      |  0.44527196884155273   |
|       136       | 12 |       1025      |            [2, 3, 4, 5]            |      4      | 0.0021300315856933594  |
|       136       | 25 |       2010      |          [2, 3, 4, 5, 6]           |      5      | 0.0072901248931884766  |
|       136       | 50 |       3595      |       [3, 4, 5, 6, 7, 8, 9]        |      7      |  0.05962800979614258   |
|       136       | 75 |       4906      |     [4, 5, 6, 7, 8, 9, 10, 11]     |      8      |   0.5145819187164307   |
|       137       | 12 |       1045      |            [2, 3, 4, 5]            |      4      | 0.0021789073944091797  |
|       137       | 25 |       2055      |         [2, 3, 4, 5, 6, 7]         |      6      |  0.007951974868774414  |
|       137       | 50 |       3681      |       [3, 4, 5, 6, 7, 8, 9]        |      7      |   0.0658879280090332   |
|       137       | 75 |       4933      |     [4, 5, 6, 7, 8, 9, 10, 11]     |      8      |   0.4608886241912842   |
|       138       | 12 |       1056      |            [2, 3, 4, 5]            |      4      |  0.002255678176879883  |
|       138       | 25 |       2060      |          [2, 3, 4, 5, 6]           |      5      | 0.0077610015869140625  |
|       138       | 50 |       3715      |       [3, 4, 5, 6, 7, 8, 9]        |      7      |  0.06406283378601074   |
|       138       | 75 |       5038      |     [4, 5, 6, 7, 8, 9, 10, 11]     |      8      |   0.5390329360961914   |
|       139       | 12 |       1082      |            [2, 3, 4, 5]            |      4      | 0.0022728443145751953  |
|       139       | 25 |       2102      |          [2, 3, 4, 5, 6]           |      5      | 0.0077970027923583984  |
|       139       | 50 |       3778      |       [3, 4, 5, 6, 7, 8, 9]        |      7      |  0.06892204284667969   |
|       139       | 75 |       5092      |     [4, 5, 6, 7, 8, 9, 10, 11]     |      8      |   0.525958776473999    |
|       140       | 12 |       1106      |            [2, 3, 4, 5]            |      4      | 0.0023522377014160156  |
|       140       | 25 |       2145      |            [3, 4, 5, 6]            |      4      |  0.008026838302612305  |
|       140       | 50 |       3841      |       [3, 4, 5, 6, 7, 8, 9]        |      7      |  0.07150530815124512   |
|       140       | 75 |       5146      |   [4, 5, 6, 7, 8, 9, 10, 11, 12]   |      9      |   0.5439941883087158   |
|       141       | 12 |       1125      |            [2, 3, 4, 5]            |      4      | 0.0024483203887939453  |
|       141       | 25 |       2178      |          [2, 3, 4, 5, 6]           |      5      |  0.008601188659667969  |
|       141       | 50 |       3921      |       [3, 4, 5, 6, 7, 8, 9]        |      7      |  0.07496190071105957   |
|       141       | 75 |       5247      |   [4, 5, 6, 7, 8, 9, 10, 11, 12]   |      9      |   0.5766458511352539   |
|       142       | 12 |       1125      |            [2, 3, 4, 5]            |      4      |  0.002374887466430664  |
|       142       | 25 |       2216      |          [2, 3, 4, 5, 6]           |      5      |  0.008584022521972656  |
|       142       | 50 |       3932      |          [4, 5, 6, 7, 8]           |      5      |  0.07223701477050781   |
|       142       | 75 |       5253      |     [4, 5, 6, 7, 8, 9, 10, 11]     |      8      |   0.5302619934082031   |
|       143       | 12 |       1151      |            [2, 3, 4, 5]            |      4      | 0.0024330615997314453  |
|       143       | 25 |       2230      |          [2, 3, 4, 5, 6]           |      5      |  0.009001970291137695  |
|       143       | 50 |       4034      |         [3, 4, 5, 6, 7, 8]         |      6      |   0.0794980525970459   |
|       143       | 75 |       5352      |   [4, 5, 6, 7, 8, 9, 10, 11, 12]   |      9      |   0.5684311389923096   |
|       144       | 12 |       1172      |            [2, 3, 4, 5]            |      4      | 0.0024840831756591797  |
|       144       | 25 |       2267      |          [2, 3, 4, 5, 6]           |      5      |  0.008892297744750977  |
|       144       | 50 |       4096      |         [3, 4, 5, 6, 7, 8]         |      6      |  0.08277010917663574   |
|       144       | 75 |       5479      |     [4, 5, 6, 7, 8, 9, 10, 11]     |      8      |   0.682945966720581    |
|       145       | 12 |       1169      |            [2, 3, 4, 5]            |      4      | 0.0024950504302978516  |
|       145       | 25 |       2296      |            [3, 4, 5, 6]            |      4      |  0.009050846099853516  |
|       145       | 50 |       4118      |         [3, 4, 5, 6, 7, 8]         |      6      |  0.08321785926818848   |
|       145       | 75 |       5519      |     [4, 5, 6, 7, 8, 9, 10, 11]     |      8      |   0.6573469638824463   |
|       146       | 12 |       1208      |            [2, 3, 4, 5]            |      4      |  0.002797842025756836  |
|       146       | 25 |       2360      |          [2, 3, 4, 5, 6]           |      5      |  0.009909868240356445  |
|       146       | 50 |       4233      |       [3, 4, 5, 6, 7, 8, 9]        |      7      |  0.09311795234680176   |
|       146       | 75 |       5674      |    [5, 6, 7, 8, 9, 10, 11, 12]     |      8      |   0.7581329345703125   |
|       147       | 12 |       1214      |            [2, 3, 4, 5]            |      4      | 0.0026040077209472656  |
|       147       | 25 |       2379      |            [3, 4, 5, 6]            |      4      |  0.009498119354248047  |
|       147       | 50 |       4225      |       [3, 4, 5, 6, 7, 8, 9]        |      7      |  0.08321785926818848   |
|       147       | 75 |       5679      |     [4, 5, 6, 7, 8, 9, 10, 11]     |      8      |   0.6752660274505615   |
|       148       | 12 |       1235      |            [2, 3, 4, 5]            |      4      |  0.002613067626953125  |
|       148       | 25 |       2396      |          [2, 3, 4, 5, 6]           |      5      |  0.010325908660888672  |
|       148       | 50 |       4268      |         [3, 4, 5, 6, 7, 8]         |      6      |  0.08779120445251465   |
|       148       | 75 |       5741      |     [4, 5, 6, 7, 8, 9, 10, 11]     |      8      |   0.7033357620239258   |
|       149       | 12 |       1250      |            [2, 3, 4, 5]            |      4      | 0.0027878284454345703  |
|       149       | 25 |       2423      |            [3, 4, 5, 6]            |      4      |  0.00974726676940918   |
|       149       | 50 |       4357      |       [3, 4, 5, 6, 7, 8, 9]        |      7      |  0.09164214134216309   |
|       149       | 75 |       5849      |   [4, 5, 6, 7, 8, 9, 10, 11, 12]   |      9      |   0.7611031532287598   |
|       150       | 12 |       1268      |            [2, 3, 4, 5]            |      4      | 0.0027358531951904297  |
|       150       | 25 |       2476      |            [3, 4, 5, 6]            |      4      |  0.010499000549316406  |
|       150       | 50 |       4433      |       [3, 4, 5, 6, 7, 8, 9]        |      7      |  0.09817194938659668   |
|       150       | 75 |       5940      |     [4, 5, 6, 7, 8, 9, 10, 11]     |      8      |   0.8072199821472168   |
|       151       | 12 |       1284      |            [2, 3, 4, 5]            |      4      |  0.002795696258544922  |
|       151       | 25 |       2514      |          [3, 4, 5, 6, 7]           |      5      |  0.010710000991821289  |
|       151       | 50 |       4474      |         [4, 5, 6, 7, 8, 9]         |      6      |  0.09609103202819824   |
|       151       | 75 |       5981      |   [4, 5, 6, 7, 8, 9, 10, 11, 12]   |      9      |   0.7875299453735352   |
|       152       | 12 |       1303      |            [2, 3, 4, 5]            |      4      |  0.002801179885864258  |
|       152       | 25 |       2539      |          [2, 3, 4, 5, 6]           |      5      |  0.010329246520996094  |
|       152       | 50 |       4543      |       [3, 4, 5, 6, 7, 8, 9]        |      7      |  0.10114121437072754   |
|       152       | 75 |       6034      |     [4, 5, 6, 7, 8, 9, 10, 11]     |      8      |   0.7831521034240723   |
|       153       | 12 |       1312      |            [2, 3, 4, 5]            |      4      |  0.002719879150390625  |
|       153       | 25 |       2559      |          [2, 3, 4, 5, 6]           |      5      |  0.01051187515258789   |
|       153       | 50 |       4605      |       [3, 4, 5, 6, 7, 8, 9]        |      7      |   0.1068260669708252   |
|       153       | 75 |       6124      |     [4, 5, 6, 7, 8, 9, 10, 11]     |      8      |   0.8250131607055664   |
|       154       | 12 |       1332      |            [2, 3, 4, 5]            |      4      | 0.0029611587524414062  |
|       154       | 25 |       2608      |            [3, 4, 5, 6]            |      4      |  0.011310100555419922  |
|       154       | 50 |       4625      |         [4, 5, 6, 7, 8, 9]         |      6      |  0.10184812545776367   |
|       154       | 75 |       6231      |   [4, 5, 6, 7, 8, 9, 10, 11, 12]   |      9      |   0.8788001537322998   |
|       155       | 12 |       1363      |            [2, 3, 4, 5]            |      4      | 0.0030868053436279297  |
|       155       | 25 |       2676      |            [3, 4, 5, 6]            |      4      |  0.011999845504760742  |
|       155       | 50 |       4730      |     [3, 4, 5, 6, 7, 8, 9, 10]      |      8      |  0.11494326591491699   |
|       155       | 75 |       6295      |     [4, 5, 6, 7, 8, 9, 10, 11]     |      8      |   0.8988409042358398   |
|       156       | 12 |       1363      |            [2, 3, 4, 5]            |      4      | 0.0029387474060058594  |
|       156       | 25 |       2679      |          [2, 3, 4, 5, 6]           |      5      |  0.011594057083129883  |
|       156       | 50 |       4773      |       [3, 4, 5, 6, 7, 8, 9]        |      7      |  0.11498808860778809   |
|       156       | 75 |       6379      |   [4, 5, 6, 7, 8, 9, 10, 11, 12]   |      9      |   0.9444169998168945   |
|       157       | 12 |       1395      |            [2, 3, 4, 5]            |      4      |  0.003057241439819336  |
|       157       | 25 |       2717      |          [2, 3, 4, 5, 6]           |      5      |  0.011983156204223633  |
|       157       | 50 |       4825      |       [3, 4, 5, 6, 7, 8, 9]        |      7      |  0.11425518989562988   |
|       157       | 75 |       6464      |     [4, 5, 6, 7, 8, 9, 10, 11]     |      8      |   0.9452071189880371   |
|       158       | 12 |       1402      |            [2, 3, 4, 5]            |      4      | 0.0029489994049072266  |
|       158       | 25 |       2745      |            [3, 4, 5, 6]            |      4      |  0.012113094329833984  |
|       158       | 50 |       4894      |       [3, 4, 5, 6, 7, 8, 9]        |      7      |  0.12216591835021973   |
|       158       | 75 |       6563      |    [5, 6, 7, 8, 9, 10, 11, 12]     |      8      |   1.0421137809753418   |
|       159       | 12 |       1419      |            [2, 3, 4, 5]            |      4      | 0.0031189918518066406  |
|       159       | 25 |       2776      |          [2, 3, 4, 5, 6]           |      5      |  0.012371301651000977  |
|       159       | 50 |       4931      |       [3, 4, 5, 6, 7, 8, 9]        |      7      |   0.1197960376739502   |
|       159       | 75 |       6619      |   [4, 5, 6, 7, 8, 9, 10, 11, 12]   |      9      |   1.028061866760254    |
|       160       | 12 |       1454      |            [2, 3, 4, 5]            |      4      | 0.0032019615173339844  |
|       160       | 25 |       2807      |          [2, 3, 4, 5, 6]           |      5      |  0.012728691101074219  |
|       160       | 50 |       4976      |       [3, 4, 5, 6, 7, 8, 9]        |      7      |  0.12414312362670898   |
|       160       | 75 |       6728      |     [4, 5, 6, 7, 8, 9, 10, 11]     |      8      |   1.0702369213104248   |
|       161       | 12 |       1445      |            [2, 3, 4, 5]            |      4      |  0.003175973892211914  |
|       161       | 25 |       2837      |          [2, 3, 4, 5, 6]           |      5      |  0.012643814086914062  |
|       161       | 50 |       5086      |       [3, 4, 5, 6, 7, 8, 9]        |      7      |   0.1309659481048584   |
|       161       | 75 |       6811      |   [4, 5, 6, 7, 8, 9, 10, 11, 12]   |      9      |   1.1444990634918213   |
|       162       | 12 |       1476      |            [2, 3, 4, 5]            |      4      | 0.0032498836517333984  |
|       162       | 25 |       2877      |          [2, 3, 4, 5, 6]           |      5      |  0.01289987564086914   |
|       162       | 50 |       5122      |       [3, 4, 5, 6, 7, 8, 9]        |      7      |  0.13251018524169922   |
|       162       | 75 |       6864      |   [4, 5, 6, 7, 8, 9, 10, 11, 12]   |      9      |   1.1467480659484863   |
|       163       | 12 |       1490      |            [2, 3, 4, 5]            |      4      |  0.003354787826538086  |
|       163       | 25 |       2937      |            [3, 4, 5, 6]            |      4      |  0.014234066009521484  |
|       163       | 50 |       5197      |       [3, 4, 5, 6, 7, 8, 9]        |      7      |  0.13709783554077148   |
|       163       | 75 |       6959      |      [5, 6, 7, 8, 9, 10, 11]       |      7      |   1.1886358261108398   |
|       164       | 12 |       1503      |            [2, 3, 4, 5]            |      4      |  0.003370046615600586  |
|       164       | 25 |       2962      |          [2, 3, 4, 5, 6]           |      5      |  0.014462947845458984  |
|       164       | 50 |       5274      |       [3, 4, 5, 6, 7, 8, 9]        |      7      |  0.14721012115478516   |
|       164       | 75 |       7034      |     [4, 5, 6, 7, 8, 9, 10, 11]     |      8      |   1.2363548278808594   |
|       165       | 12 |       1538      |            [2, 3, 4, 5]            |      4      |  0.003565073013305664  |
|       165       | 25 |       3009      |            [3, 4, 5, 6]            |      4      |  0.014462947845458984  |
|       165       | 50 |       5377      |          [4, 5, 6, 7, 8]           |      5      |   0.1546618938446045   |
|       165       | 75 |       7206      | [4, 5, 6, 7, 8, 9, 10, 11, 12, 13] |      10     |   1.3236029148101807   |
|       166       | 12 |       1551      |            [2, 3, 4, 5]            |      4      | 0.0036411285400390625  |
|       166       | 25 |       3034      |            [3, 4, 5, 6]            |      4      |  0.015120983123779297  |
|       166       | 50 |       5413      |       [3, 4, 5, 6, 7, 8, 9]        |      7      |  0.16197490692138672   |
|       166       | 75 |       7229      |   [4, 5, 6, 7, 8, 9, 10, 11, 12]   |      9      |   1.3017730712890625   |
|       167       | 12 |       1563      |          [2, 3, 4, 5, 6]           |      5      | 0.0036170482635498047  |
|       167       | 25 |       3060      |          [2, 3, 4, 5, 6]           |      5      |  0.014764070510864258  |
|       167       | 50 |       5463      |       [3, 4, 5, 6, 7, 8, 9]        |      7      |   0.1557631492614746   |
|       167       | 75 |       7305      |     [4, 5, 6, 7, 8, 9, 10, 11]     |      8      |   1.3384959697723389   |
|       168       | 12 |       1595      |            [2, 3, 4, 5]            |      4      |  0.003595113754272461  |
|       168       | 25 |       3124      |            [3, 4, 5, 6]            |      4      |  0.015122175216674805  |
|       168       | 50 |       5576      |         [4, 5, 6, 7, 8, 9]         |      6      |   0.1676778793334961   |
|       168       | 75 |       7414      |      [5, 6, 7, 8, 9, 10, 11]       |      7      |   1.4133529663085938   |
|       169       | 12 |       1617      |            [2, 3, 4, 5]            |      4      |  0.00370025634765625   |
|       169       | 25 |       3169      |            [3, 4, 5, 6]            |      4      |  0.015847206115722656  |
|       169       | 50 |       5617      |         [4, 5, 6, 7, 8, 9]         |      6      |  0.16515588760375977   |
|       169       | 75 |       7488      |      [5, 6, 7, 8, 9, 10, 11]       |      7      |   1.4332151412963867   |
|       170       | 12 |       1624      |            [2, 3, 4, 5]            |      4      | 0.0037331581115722656  |
|       170       | 25 |       3185      |            [3, 4, 5, 6]            |      4      |   0.0156400203704834   |
|       170       | 50 |       5644      |         [4, 5, 6, 7, 8, 9]         |      6      |  0.17247414588928223   |
|       170       | 75 |       7550      |    [5, 6, 7, 8, 9, 10, 11, 12]     |      8      |   1.454758882522583    |
|       171       | 12 |       1631      |            [2, 3, 4, 5]            |      4      | 0.0038220882415771484  |
|       171       | 25 |       3231      |          [2, 3, 4, 5, 6]           |      5      |  0.016386985778808594  |
|       171       | 50 |       5738      |       [3, 4, 5, 6, 7, 8, 9]        |      7      |  0.17622017860412598   |
|       171       | 75 |       7646      |     [4, 5, 6, 7, 8, 9, 10, 11]     |      8      |   1.5332789421081543   |
|       172       | 12 |       1646      |            [2, 3, 4, 5]            |      4      | 0.0038268566131591797  |
|       172       | 25 |       3260      |          [2, 3, 4, 5, 6]           |      5      |  0.016466856002807617  |
|       172       | 50 |       5806      |       [3, 4, 5, 6, 7, 8, 9]        |      7      |  0.18193292617797852   |
|       172       | 75 |       7791      |    [5, 6, 7, 8, 9, 10, 11, 12]     |      8      |   1.7160429954528809   |
|       173       | 12 |       1667      |            [2, 3, 4, 5]            |      4      | 0.0038678646087646484  |
|       173       | 25 |       3299      |            [3, 4, 5, 6]            |      4      |  0.016922950744628906  |
|       173       | 50 |       5876      |       [3, 4, 5, 6, 7, 8, 9]        |      7      |   0.1884620189666748   |
|       173       | 75 |       7858      |     [4, 5, 6, 7, 8, 9, 10, 11]     |      8      |   1.706111192703247    |
|       174       | 12 |       1691      |            [2, 3, 4, 5]            |      4      |  0.003906965255737305  |
|       174       | 25 |       3345      |          [2, 3, 4, 5, 6]           |      5      |  0.017368078231811523  |
|       174       | 50 |       5937      |         [3, 4, 5, 6, 7, 8]         |      6      |  0.19680309295654297   |
|       174       | 75 |       7949      |    [5, 6, 7, 8, 9, 10, 11, 12]     |      8      |   1.8182380199432373   |
|       175       | 12 |       1706      |            [2, 3, 4, 5]            |      4      |  0.004004001617431641  |
|       175       | 25 |       3368      |          [3, 4, 5, 6, 7]           |      5      |  0.017358064651489258  |
|       175       | 50 |       5966      |         [4, 5, 6, 7, 8, 9]         |      6      |  0.18773603439331055   |
|       175       | 75 |       8017      |   [4, 5, 6, 7, 8, 9, 10, 11, 12]   |      9      |   1.7671420574188232   |
|       176       | 12 |       1739      |            [2, 3, 4, 5]            |      4      | 0.0040891170501708984  |
|       176       | 25 |       3428      |            [3, 4, 5, 6]            |      4      |  0.017868995666503906  |
|       176       | 50 |       6089      |       [3, 4, 5, 6, 7, 8, 9]        |      7      |  0.20661497116088867   |
|       176       | 75 |       8129      |     [4, 5, 6, 7, 8, 9, 10, 11]     |      8      |   1.8632910251617432   |
|       177       | 12 |       1755      |            [2, 3, 4, 5]            |      4      |  0.004136085510253906  |
|       177       | 25 |       3433      |          [2, 3, 4, 5, 6]           |      5      |  0.018221139907836914  |
|       177       | 50 |       6144      |       [3, 4, 5, 6, 7, 8, 9]        |      7      |  0.20784521102905273   |
|       177       | 75 |       8241      |     [4, 5, 6, 7, 8, 9, 10, 11]     |      8      |   1.982280969619751    |
|       178       | 12 |       1780      |            [2, 3, 4, 5]            |      4      |  0.004376888275146484  |
|       178       | 25 |       3481      |          [3, 4, 5, 6, 7]           |      5      |  0.019864797592163086  |
|       178       | 50 |       6185      |       [3, 4, 5, 6, 7, 8, 9]        |      7      |  0.19784307479858398   |
|       178       | 75 |       8293      |   [4, 5, 6, 7, 8, 9, 10, 11, 12]   |      9      |   1.9063301086425781   |
|       179       | 12 |       1791      |            [2, 3, 4, 5]            |      4      |  0.004361391067504883  |
|       179       | 25 |       3524      |          [2, 3, 4, 5, 6]           |      5      |  0.018863916397094727  |
|       179       | 50 |       6282      |         [4, 5, 6, 7, 8, 9]         |      6      |  0.21942496299743652   |
|       179       | 75 |       8395      |    [5, 6, 7, 8, 9, 10, 11, 12]     |      8      |   1.974435806274414    |
|       180       | 12 |       1823      |            [2, 3, 4, 5]            |      4      |  0.004312992095947266  |
|       180       | 25 |       3567      |         [2, 3, 4, 5, 6, 7]         |      6      |  0.018903017044067383  |
|       180       | 50 |       6336      |       [3, 4, 5, 6, 7, 8, 9]        |      7      |  0.21212387084960938   |
|       180       | 75 |       8460      |    [5, 6, 7, 8, 9, 10, 11, 12]     |      8      |   1.9608628749847412   |
|       181       | 12 |       1829      |            [2, 3, 4, 5]            |      4      |   0.0047149658203125   |
|       181       | 25 |       3601      |            [3, 4, 5, 6]            |      4      |  0.021756887435913086  |
|       181       | 50 |       6461      |         [4, 5, 6, 7, 8, 9]         |      6      |  0.23335695266723633   |
|       181       | 75 |       8598      |    [5, 6, 7, 8, 9, 10, 11, 12]     |      8      |   2.172348737716675    |
|       182       | 12 |       1848      |            [2, 3, 4, 5]            |      4      |  0.004357099533081055  |
|       182       | 25 |       3639      |            [3, 4, 5, 6]            |      4      |  0.019482135772705078  |
|       182       | 50 |       6479      |         [4, 5, 6, 7, 8, 9]         |      6      |  0.22591114044189453   |
|       182       | 75 |       8660      |    [5, 6, 7, 8, 9, 10, 11, 12]     |      8      |   2.1512842178344727   |
|       183       | 12 |       1891      |            [2, 3, 4, 5]            |      4      |  0.004452705383300781  |
|       183       | 25 |       3701      |          [3, 4, 5, 6, 7]           |      5      |  0.019950151443481445  |
|       183       | 50 |       6578      |       [3, 4, 5, 6, 7, 8, 9]        |      7      |  0.24496197700500488   |
|       183       | 75 |       8787      |    [5, 6, 7, 8, 9, 10, 11, 12]     |      8      |   2.3285911083221436   |
|       184       | 12 |       1901      |            [2, 3, 4, 5]            |      4      | 0.0047380924224853516  |
|       184       | 25 |       3733      |            [3, 4, 5, 6]            |      4      |  0.020467042922973633  |
|       184       | 50 |       6619      |         [4, 5, 6, 7, 8, 9]         |      6      |  0.23484301567077637   |
|       184       | 75 |       8874      |    [5, 6, 7, 8, 9, 10, 11, 12]     |      8      |   2.343161106109619    |
|       185       | 12 |       1929      |            [2, 3, 4, 5]            |      4      |  0.00450897216796875   |
|       185       | 25 |       3761      |          [3, 4, 5, 6, 7]           |      5      |  0.02009415626525879   |
|       185       | 50 |       6667      |         [4, 5, 6, 7, 8, 9]         |      6      |  0.22824788093566895   |
|       185       | 75 |       8872      | [4, 5, 6, 7, 8, 9, 10, 11, 12, 13] |      10     |   2.0593161582946777   |
|       186       | 12 |       1944      |            [2, 3, 4, 5]            |      4      |  0.004611015319824219  |
|       186       | 25 |       3793      |            [3, 4, 5, 6]            |      4      |  0.020827054977416992  |
|       186       | 50 |       6756      |       [3, 4, 5, 6, 7, 8, 9]        |      7      |  0.23988676071166992   |
|       186       | 75 |       9022      |   [4, 5, 6, 7, 8, 9, 10, 11, 12]   |      9      |   2.344419002532959    |
|       187       | 12 |       1958      |            [2, 3, 4, 5]            |      4      | 0.0048236846923828125  |
|       187       | 25 |       3855      |          [3, 4, 5, 6, 7]           |      5      |  0.02154684066772461   |
|       187       | 50 |       6895      |         [4, 5, 6, 7, 8, 9]         |      6      |   0.2688179016113281   |
|       187       | 75 |       9185      |    [5, 6, 7, 8, 9, 10, 11, 12]     |      8      |   2.6730101108551025   |
|       188       | 12 |       1972      |            [2, 3, 4, 5]            |      4      | 0.0046579837799072266  |
|       188       | 25 |       3900      |          [3, 4, 5, 6, 7]           |      5      |  0.02193307876586914   |
|       188       | 50 |       6949      |         [4, 5, 6, 7, 8, 9]         |      6      |   0.2696669101715088   |
|       188       | 75 |       9278      |    [5, 6, 7, 8, 9, 10, 11, 12]     |      8      |   2.634157180786133    |
|       189       | 12 |       2011      |            [2, 3, 4, 5]            |      4      |  0.004795074462890625  |
|       189       | 25 |       3956      |            [3, 4, 5, 6]            |      4      |  0.022643089294433594  |
|       189       | 50 |       7043      |       [4, 5, 6, 7, 8, 9, 10]       |      7      |  0.27335572242736816   |
|       189       | 75 |       9385      |    [5, 6, 7, 8, 9, 10, 11, 12]     |      8      |   2.830124855041504    |
|       190       | 12 |       2022      |            [2, 3, 4, 5]            |      4      |  0.004716157913208008  |
|       190       | 25 |       3966      |            [3, 4, 5, 6]            |      4      |  0.022127151489257812  |
|       190       | 50 |       7077      |     [3, 4, 5, 6, 7, 8, 9, 10]      |      8      |   0.3103220462799072   |
|       190       | 75 |       9468      |    [5, 6, 7, 8, 9, 10, 11, 12]     |      8      |   2.9730608463287354   |
|       191       | 12 |       2050      |            [2, 3, 4, 5]            |      4      |  0.005200862884521484  |
|       191       | 25 |       4021      |            [3, 4, 5, 6]            |      4      |  0.023831844329833984  |
|       191       | 50 |       7185      |       [4, 5, 6, 7, 8, 9, 10]       |      7      |   0.2880210876464844   |
|       191       | 75 |       9553      |   [4, 5, 6, 7, 8, 9, 10, 11, 12]   |      9      |   2.9089579582214355   |
|       192       | 12 |       2064      |            [2, 3, 4, 5]            |      4      |  0.005021095275878906  |
|       192       | 25 |       4078      |            [3, 4, 5, 6]            |      4      |  0.02446603775024414   |
|       192       | 50 |       7259      |         [4, 5, 6, 7, 8, 9]         |      6      |   0.305743932723999    |
|       192       | 75 |       9702      |    [5, 6, 7, 8, 9, 10, 11, 12]     |      8      |   3.1950290203094482   |
|       193       | 12 |       2082      |            [2, 3, 4, 5]            |      4      |  0.005048990249633789  |
|       193       | 25 |       4086      |          [3, 4, 5, 6, 7]           |      5      |  0.024176836013793945  |
|       193       | 50 |       7276      |         [4, 5, 6, 7, 8, 9]         |      6      |  0.28714990615844727   |
|       193       | 75 |       9750      |   [4, 5, 6, 7, 8, 9, 10, 11, 12]   |      9      |   3.0562212467193604   |
|       194       | 12 |       2106      |            [2, 3, 4, 5]            |      4      |  0.00503993034362793   |
|       194       | 25 |       4110      |          [3, 4, 5, 6, 7]           |      5      |  0.02379322052001953   |
|       194       | 50 |       7357      |         [4, 5, 6, 7, 8, 9]         |      6      |  0.29393982887268066   |
|       194       | 75 |       9856      |   [4, 5, 6, 7, 8, 9, 10, 11, 12]   |      9      |   3.0432651042938232   |
|       195       | 12 |       2132      |            [2, 3, 4, 5]            |      4      |  0.005102872848510742  |
|       195       | 25 |       4191      |            [3, 4, 5, 6]            |      4      |  0.02486586570739746   |
|       195       | 50 |       7451      |         [4, 5, 6, 7, 8, 9]         |      6      |   0.3059670925140381   |
|       195       | 75 |       9968      |    [5, 6, 7, 8, 9, 10, 11, 12]     |      8      |   3.331932783126831    |
|       196       | 12 |       2173      |            [2, 3, 4, 5]            |      4      |  0.005421876907348633  |
|       196       | 25 |       4233      |         [2, 3, 4, 5, 6, 7]         |      6      |  0.025014162063598633  |
|       196       | 50 |       7522      |         [4, 5, 6, 7, 8, 9]         |      6      |   0.3200082778930664   |
|       196       | 75 |      10019      |    [5, 6, 7, 8, 9, 10, 11, 12]     |      8      |   3.226585865020752    |
|       197       | 12 |       2188      |          [2, 3, 4, 5, 6]           |      5      |  0.005647182464599609  |
|       197       | 25 |       4291      |            [3, 4, 5, 6]            |      4      |  0.02594304084777832   |
|       197       | 50 |       7637      |         [4, 5, 6, 7, 8, 9]         |      6      |  0.35647106170654297   |
|       197       | 75 |      10162      |   [4, 5, 6, 7, 8, 9, 10, 11, 12]   |      9      |   3.497051239013672    |
|       198       | 12 |       2212      |            [2, 3, 4, 5]            |      4      | 0.0053691864013671875  |
|       198       | 25 |       4317      |          [3, 4, 5, 6, 7]           |      5      |  0.02599310874938965   |
|       198       | 50 |       7694      |       [4, 5, 6, 7, 8, 9, 10]       |      7      |   0.3301877975463867   |
|       198       | 75 |      10295      |    [5, 6, 7, 8, 9, 10, 11, 12]     |      8      |   3.6785149574279785   |
|       199       | 12 |       2229      |          [2, 3, 4, 5, 6]           |      5      |  0.005452156066894531  |
|       199       | 25 |       4361      |            [3, 4, 5, 6]            |      4      |    0.02618408203125    |
|       199       | 50 |       7742      |       [4, 5, 6, 7, 8, 9, 10]       |      7      |  0.32474803924560547   |
|       199       | 75 |      10383      |    [5, 6, 7, 8, 9, 10, 11, 12]     |      8      |   3.6299099922180176   |
+-----------------+----+-----------------+------------------------------------+-------------+------------------------+