+-----------------+----+-----------------+---------+-----+------------------+------------------------+-----------+
| Number of Nodes | %  | Number of Edges | Cliques |  k  | Basic Operations |          Time          |   Memory  |
+-----------------+----+-----------------+---------+-----+------------------+------------------------+-----------+
|        5        | 12 |        4        |   True  |  0  |        4         | 2.7179718017578125e-05 |    0.0    |
|        5        | 25 |        4        |  False  |  1  |        1         | 8.106231689453125e-06  |    0.0    |
|        5        | 50 |        4        |  False  |  2  |        1         | 6.9141387939453125e-06 |    0.0    |
|        5        | 75 |        6        |   True  |  3  |        23        | 1.0967254638671875e-05 |    0.0    |
|        6        | 12 |        5        |   True  |  0  |        3         | 6.9141387939453125e-06 |    0.0    |
|        6        | 25 |        5        |  False  |  1  |        1         | 6.198883056640625e-06  |    0.0    |
|        6        | 50 |        5        |  False  |  3  |        29        | 1.0251998901367188e-05 |    0.0    |
|        6        | 75 |        8        |  False  |  4  |        37        | 1.0013580322265625e-05 |    0.0    |
|        7        | 12 |        6        |   True  |  0  |        6         | 6.9141387939453125e-06 |    0.0    |
|        7        | 25 |        6        |  False  |  1  |        1         |  5.7220458984375e-06   |    0.0    |
|        7        | 50 |        9        |   True  |  3  |        5         | 6.9141387939453125e-06 |    0.0    |
|        7        | 75 |        13       |  False  |  5  |        59        | 1.3113021850585938e-05 |    0.0    |
|        8        | 12 |        7        |   True  |  0  |        6         | 6.9141387939453125e-06 |    0.0    |
|        8        | 25 |        7        |  False  |  2  |        1         | 5.9604644775390625e-06 |    0.0    |
|        8        | 50 |        14       |   True  |  4  |        9         | 7.152557373046875e-06  |    0.0    |
|        8        | 75 |        15       |  False  |  6  |        75        |   1.52587890625e-05    |    0.0    |
|        9        | 12 |        8        |  False  |  1  |        1         | 5.9604644775390625e-06 |    0.0    |
|        9        | 25 |        9        |  False  |  2  |        1         | 5.9604644775390625e-06 |    0.0    |
|        9        | 50 |        14       |  False  |  4  |        85        | 1.5735626220703125e-05 |    0.0    |
|        9        | 75 |        20       |  False  |  6  |       101        | 1.7881393432617188e-05 |    0.0    |
|        10       | 12 |        9        |  False  |  1  |        1         |  5.7220458984375e-06   |    0.0    |
|        10       | 25 |        10       |  False  |  2  |        1         | 6.198883056640625e-06  |    0.0    |
|        10       | 50 |        18       |  False  |  5  |       112        | 1.8835067749023438e-05 |    0.0    |
|        10       | 75 |        20       |  False  |  7  |       117        | 2.002716064453125e-05  |    0.0    |
|        11       | 12 |        10       |  False  |  1  |        1         |  5.7220458984375e-06   |    0.0    |
|        11       | 25 |        13       |  False  |  2  |        1         |  5.7220458984375e-06   |    0.0    |
|        11       | 50 |        21       |  False  |  5  |       133        | 2.193450927734375e-05  |    0.0    |
|        11       | 75 |        27       |  False  |  8  |       164        | 2.5033950805664062e-05 |    0.0    |
|        12       | 12 |        11       |  False  |  1  |        1         | 5.9604644775390625e-06 |    0.0    |
|        12       | 25 |        15       |   True  |  3  |        8         | 7.152557373046875e-06  |    0.0    |
|        12       | 50 |        29       |  False  |  6  |       180        | 2.7179718017578125e-05 |    0.0    |
|        12       | 75 |        39       |  False  |  9  |       217        | 3.0994415283203125e-05 |    0.0    |
|        13       | 12 |        12       |  False  |  1  |        1         | 5.9604644775390625e-06 |    0.0    |
|        13       | 25 |        18       |   True  |  3  |        5         |  5.7220458984375e-06   |    0.0    |
|        13       | 50 |        32       |  False  |  6  |       215        | 3.218650817871094e-05  |    0.0    |
|        13       | 75 |        46       |  False  |  9  |       255        | 3.600120544433594e-05  |    0.0    |
|        14       | 12 |        13       |  False  |  1  |        1         | 6.9141387939453125e-06 |    0.0    |
|        14       | 25 |        21       |   True  |  3  |        31        | 1.1205673217773438e-05 |    0.0    |
|        14       | 50 |        36       |  False  |  7  |       237        | 3.504753112792969e-05  |    0.0    |
|        14       | 75 |        48       |  False  |  10 |       294        |  4.1961669921875e-05   |    0.0    |
|        15       | 12 |        14       |  False  |  1  |        1         | 5.9604644775390625e-06 |    0.0    |
|        15       | 25 |        23       |   True  |  3  |        5         | 7.867813110351562e-06  |    0.0    |
|        15       | 50 |        43       |  False  |  7  |       298        | 4.315376281738281e-05  |    0.0    |
|        15       | 75 |        59       |  False  |  11 |       363        | 5.1021575927734375e-05 |    0.0    |
|        16       | 12 |        15       |  False  |  1  |        1         | 6.9141387939453125e-06 |    0.0    |
|        16       | 25 |        27       |   True  |  4  |       102        | 1.7881393432617188e-05 |    0.0    |
|        16       | 50 |        50       |  False  |  8  |       336        | 4.792213439941406e-05  |    0.0    |
|        16       | 75 |        67       |  False  |  12 |       394        | 5.626678466796875e-05  |    0.0    |
|        17       | 12 |        16       |  False  |  2  |        1         | 7.152557373046875e-06  |    0.0    |
|        17       | 25 |        31       |  False  |  4  |       307        | 4.506111145019531e-05  |    0.0    |
|        17       | 50 |        53       |  False  |  8  |       379        | 5.698204040527344e-05  |    0.0    |
|        17       | 75 |        70       |  False  |  12 |       424        | 6.198883056640625e-05  |    0.0    |
|        18       | 12 |        18       |  False  |  2  |        1         | 5.9604644775390625e-06 |    0.0    |
|        18       | 25 |        33       |  False  |  4  |       348        |  4.76837158203125e-05  |    0.0    |
|        18       | 50 |        63       |  False  |  9  |       447        | 6.389617919921875e-05  |    0.0    |
|        18       | 75 |        74       |  False  |  13 |       456        | 6.508827209472656e-05  |    0.0    |
|        19       | 12 |        20       |  False  |  2  |        1         | 6.9141387939453125e-06 |    0.0    |
|        19       | 25 |        41       |   True  |  4  |        15        | 7.867813110351562e-06  |    0.0    |
|        19       | 50 |        69       |  False  |  9  |       489        | 6.985664367675781e-05  |    0.0    |
|        19       | 75 |        89       |  False  |  14 |       545        | 7.700920104980469e-05  |    0.0    |
|        20       | 12 |        21       |  False  |  2  |        1         | 6.198883056640625e-06  |    0.0    |
|        20       | 25 |        43       |  False  |  5  |       450        | 6.079673767089844e-05  |    0.0    |
|        20       | 50 |        74       |  False  |  10 |       527        | 7.510185241699219e-05  |    0.0    |
|        20       | 75 |       108       |  False  |  15 |       639        | 9.179115295410156e-05  |    0.0    |
|        21       | 12 |        24       |  False  |  2  |        1         | 6.198883056640625e-06  |    0.0    |
|        21       | 25 |        51       |  False  |  5  |       512        | 7.128715515136719e-05  |    0.0    |
|        21       | 50 |        81       |  False  |  10 |       584        | 8.296966552734375e-05  |    0.0    |
|        21       | 75 |       115       |  False  |  15 |       757        | 0.00010395050048828125 |    0.0    |
|        22       | 12 |        27       |  False  |  2  |        1         | 7.152557373046875e-06  |    0.0    |
|        22       | 25 |        54       |  False  |  5  |       558        | 7.700920104980469e-05  |    0.0    |
|        22       | 50 |        84       |  False  |  11 |       642        | 9.083747863769531e-05  |    0.0    |
|        22       | 75 |       125       |  False  |  16 |       825        | 0.00011491775512695312 |    0.0    |
|        23       | 12 |        29       |  False  |  2  |        1         |  5.7220458984375e-06   |    0.0    |
|        23       | 25 |        56       |  False  |  5  |       600        | 8.296966552734375e-05  |    0.0    |
|        23       | 50 |       101       |  False  |  11 |       738        | 0.00010395050048828125 |    0.0    |
|        23       | 75 |       130       |  False  |  17 |       833        | 0.00012183189392089844 |    0.0    |
|        24       | 12 |        31       |  False  |  2  |        1         | 6.198883056640625e-06  |    0.0    |
|        24       | 25 |        64       |  False  |  6  |       672        | 9.012222290039062e-05  |    0.0    |
|        24       | 50 |       107       |  False  |  12 |       786        | 0.00011515617370605469 |    0.0    |
|        24       | 75 |       136       |  False  |  18 |       919        | 0.00013327598571777344 |    0.0    |
|        25       | 12 |        35       |   True  |  3  |        63        | 1.5020370483398438e-05 |    0.0    |
|        25       | 25 |        65       |  False  |  6  |       725        | 9.894371032714844e-05  |    0.0    |
|        25       | 50 |       116       |  False  |  12 |       856        | 0.00013065338134765625 |    0.0    |
|        25       | 75 |       159       |  False  |  18 |       1060       | 0.00015211105346679688 |    0.0    |
|        26       | 12 |        39       |   True  |  3  |        33        | 1.0967254638671875e-05 |    0.0    |
|        26       | 25 |        72       |  False  |  6  |       768        | 0.00010514259338378906 |    0.0    |
|        26       | 50 |       127       |  False  |  13 |       958        | 0.0001380443572998047  |    0.0    |
|        26       | 75 |       171       |  False  |  19 |       1167       | 0.0001690387725830078  |    0.0    |
|        27       | 12 |        41       |   True  |  3  |        5         | 7.152557373046875e-06  |    0.0    |
|        27       | 25 |        79       |  False  |  6  |       842        | 0.00011801719665527344 |    0.0    |
|        27       | 50 |       134       |  False  |  13 |       1007       | 0.0001468658447265625  |    0.0    |
|        27       | 75 |       185       |  False  |  20 |       1186       | 0.00017786026000976562 |    0.0    |
|        28       | 12 |        44       |   True  |  3  |        84        | 1.5974044799804688e-05 |    0.0    |
|        28       | 25 |        83       |  False  |  7  |       895        | 0.00012421607971191406 |    0.0    |
|        28       | 50 |       149       |  False  |  14 |       1140       | 0.00016689300537109375 |    0.0    |
|        28       | 75 |       205       |  False  |  21 |       1427       | 0.00020694732666015625 |    0.0    |
|        29       | 12 |        46       |   True  |  3  |        7         | 7.867813110351562e-06  |    0.0    |
|        29       | 25 |        87       |  False  |  7  |       975        | 0.00013494491577148438 |    0.0    |
|        29       | 50 |       168       |  False  |  14 |       1253       | 0.00018596649169921875 |    0.0    |
|        29       | 75 |       217       |  False  |  21 |       1479       | 0.00022292137145996094 |    0.0    |
|        30       | 12 |        51       |   True  |  3  |        56        | 1.2159347534179688e-05 |    0.0    |
|        30       | 25 |        99       |  False  |  7  |       1062       | 0.00014781951904296875 |    0.0    |
|        30       | 50 |       172       |  False  |  15 |       1252       | 0.00019025802612304688 |    0.0    |
|        30       | 75 |       221       |  False  |  22 |       1478       |   0.0002288818359375   |    0.0    |
|        31       | 12 |        53       |   True  |  3  |        53        | 1.4066696166992188e-05 |    0.0    |
|        31       | 25 |       104       |  False  |  7  |       1129       | 0.0001571178436279297  |    0.0    |
|        31       | 50 |       195       |  False  |  15 |       1422       | 0.0002162456512451172  |    0.0    |
|        31       | 75 |       247       |  False  |  23 |       1726       | 0.0002598762512207031  |    0.0    |
|        32       | 12 |        57       |   True  |  3  |        43        | 1.3113021850585938e-05 |    0.0    |
|        32       | 25 |       114       |  False  |  8  |       1235       | 0.00017261505126953125 |    0.0    |
|        32       | 50 |       197       |  False  |  16 |       1572       | 0.00023293495178222656 |    0.0    |
|        32       | 75 |       263       |  False  |  24 |       1786       | 0.0002739429473876953  |    0.0    |
|        33       | 12 |        61       |   True  |  3  |        7         | 7.867813110351562e-06  |    0.0    |
|        33       | 25 |       117       |  False  |  8  |       1296       | 0.0001819133758544922  |    0.0    |
|        33       | 50 |       205       |  False  |  16 |       1574       | 0.00024127960205078125 |    0.0    |
|        33       | 75 |       282       |  False  |  24 |       1910       | 0.0003027915954589844  |    0.0    |
|        34       | 12 |        64       |   True  |  4  |       366        | 5.1975250244140625e-05 |    0.0    |
|        34       | 25 |       126       |  False  |  8  |       1351       | 0.00019407272338867188 |    0.0    |
|        34       | 50 |       222       |  False  |  17 |       1658       | 0.0002589225769042969  |    0.0    |
|        34       | 75 |       300       |  False  |  25 |       2253       | 0.00032901763916015625 |    0.0    |
|        35       | 12 |        66       |  False  |  4  |       1293       | 0.00016617774963378906 |    0.0    |
|        35       | 25 |       136       |  False  |  8  |       1454       | 0.0002079010009765625  |    0.0    |
|        35       | 50 |       227       |  False  |  17 |       1858       | 0.0002818107604980469  |    0.0    |
|        35       | 75 |       310       |  False  |  26 |       2144       | 0.00034499168395996094 |    0.0    |
|        36       | 12 |        71       |  False  |  4  |       1366       |  0.000179290771484375  |    0.0    |
|        36       | 25 |       143       |  False  |  9  |       1534       | 0.00021791458129882812 |    0.0    |
|        36       | 50 |       245       |  False  |  18 |       1911       | 0.00030803680419921875 |    0.0    |
|        36       | 75 |       322       |  False  |  27 |       2119       | 0.00033783912658691406 |    0.0    |
|        37       | 12 |        73       |  False  |  4  |       1444       | 0.00018095970153808594 |    0.0    |
|        37       | 25 |       144       |  False  |  9  |       1611       | 0.00022459030151367188 |    0.0    |
|        37       | 50 |       262       |  False  |  18 |       1994       | 0.00030684471130371094 |    0.0    |
|        37       | 75 |       346       |  False  |  27 |       2395       |  0.000370025634765625  |    0.0    |
|        38       | 12 |        78       |   True  |  4  |       400        | 5.602836608886719e-05  |    0.0    |
|        38       | 25 |       157       |  False  |  9  |       1730       | 0.00023412704467773438 |    0.0    |
|        38       | 50 |       266       |  False  |  19 |       2106       | 0.0003159046173095703  |    0.0    |
|        38       | 75 |       359       |  False  |  28 |       2441       | 0.0003807544708251953  |    0.0    |
|        39       | 12 |        82       |   True  |  4  |        74        | 1.3828277587890625e-05 |    0.0    |
|        39       | 25 |       158       |  False  |  9  |       1787       | 0.00024390220642089844 |    0.0    |
|        39       | 50 |       302       |  False  |  19 |       2300       | 0.0003478527069091797  |    0.0    |
|        39       | 75 |       384       |  False  |  29 |       2690       | 0.0004200935363769531  |    0.0    |
|        40       | 12 |        90       |   True  |  4  |       500        | 6.508827209472656e-05  |    0.0    |
|        40       | 25 |       166       |  False  |  10 |       1911       | 0.0002601146697998047  |    0.0    |
|        40       | 50 |       319       |  False  |  20 |       2475       |  0.00037384033203125   |    0.0    |
|        40       | 75 |       411       |  False  |  30 |       3023       | 0.0004611015319824219  |    0.0    |
|        41       | 12 |        94       |  False  |  4  |       1784       | 0.00022101402282714844 |    0.0    |
|        41       | 25 |       183       |  False  |  10 |       2020       | 0.0002810955047607422  |    0.0    |
|        41       | 50 |       326       |  False  |  20 |       2520       | 0.00039124488830566406 |    0.0    |
|        41       | 75 |       429       |  False  |  30 |       3008       | 0.0004780292510986328  |    0.0    |
|        42       | 12 |       100       |  False  |  5  |       1900       | 0.0002357959747314453  |    0.0    |
|        42       | 25 |       199       |  False  |  10 |       2172       | 0.00031113624572753906 |    0.0    |
|        42       | 50 |       344       |  False  |  21 |       2620       | 0.0004150867462158203  |    0.0    |
|        42       | 75 |       450       |  False  |  31 |       3286       | 0.0005156993865966797  |    0.0    |
|        43       | 12 |       103       |  False  |  5  |       1983       | 0.0002491474151611328  |    0.0    |
|        43       | 25 |       198       |  False  |  10 |       2223       | 0.0003211498260498047  |    0.0    |
|        43       | 50 |       354       |  False  |  21 |       2676       | 0.00043392181396484375 |    0.0    |
|        43       | 75 |       483       |  False  |  32 |       3416       | 0.0005433559417724609  |    0.0    |
|        44       | 12 |       108       |  False  |  5  |       2061       |  0.000263214111328125  |    0.0    |
|        44       | 25 |       215       |  False  |  11 |       2325       |  0.000331878662109375  |    0.0    |
|        44       | 50 |       380       |  False  |  22 |       2827       | 0.00045800209045410156 |    0.0    |
|        44       | 75 |       486       |  False  |  33 |       3395       | 0.0005650520324707031  |    0.0    |
|        45       | 12 |       114       |   True  |  5  |       249        | 3.600120544433594e-05  |    0.0    |
|        45       | 25 |       226       |  False  |  11 |       2457       | 0.00035309791564941406 |    0.0    |
|        45       | 50 |       377       |  False  |  22 |       2968       | 0.00047588348388671875 |    0.0    |
|        45       | 75 |       526       |  False  |  33 |       3764       | 0.0006210803985595703  |    0.0    |
|        46       | 12 |       116       |  False  |  5  |       2277       | 0.00028777122497558594 |    0.0    |
|        46       | 25 |       230       |  False  |  11 |       2531       | 0.0003631114959716797  |    0.0    |
|        46       | 50 |       400       |  False  |  23 |       3264       | 0.0005118846893310547  |    0.0    |
|        46       | 75 |       544       |  False  |  34 |       3759       | 0.0006372928619384766  |    0.0    |
|        47       | 12 |       124       |  False  |  5  |       2375       | 0.0002999305725097656  |    0.0    |
|        47       | 25 |       242       |  False  |  11 |       2625       | 0.00037980079650878906 |    0.0    |
|        47       | 50 |       430       |  False  |  23 |       3227       |   0.0005340576171875   |    0.0    |
|        47       | 75 |       570       |  False  |  35 |       3987       | 0.0006868839263916016  |    0.0    |
|        48       | 12 |       127       |  False  |  5  |       2457       |  0.00031280517578125   |    0.0    |
|        48       | 25 |       254       |  False  |  12 |       2812       | 0.0004100799560546875  |    0.0    |
|        48       | 50 |       438       |  False  |  24 |       3369       | 0.0005550384521484375  |    0.0    |
|        48       | 75 |       609       |  False  |  36 |       4325       | 0.0007669925689697266  |    0.0    |
|        49       | 12 |       130       |  False  |  5  |       2560       | 0.0003371238708496094  |    0.0    |
|        49       | 25 |       262       |  False  |  12 |       2914       | 0.0004448890686035156  |    0.0    |
|        49       | 50 |       463       |  False  |  24 |       3513       | 0.0006170272827148438  |    0.0    |
|        49       | 75 |       627       |  False  |  36 |       5336       | 0.0008227825164794922  |    0.0    |
|        50       | 12 |       141       |  False  |  6  |       2699       | 0.0003581047058105469  |    0.0    |
|        50       | 25 |       271       |  False  |  12 |       3091       | 0.00046706199645996094 |    0.0    |
|        50       | 50 |       490       |  False  |  25 |       3769       | 0.0006651878356933594  |    0.0    |
|        50       | 75 |       629       |  False  |  37 |       4503       | 0.0008380413055419922  |    0.0    |
|        51       | 12 |       149       |  False  |  6  |       2824       | 0.0003979206085205078  |    0.0    |
|        51       | 25 |       286       |  False  |  12 |       3176       | 0.0004889965057373047  |    0.0    |
|        51       | 50 |       506       |  False  |  25 |       3941       | 0.0007178783416748047  |    0.0    |
|        51       | 75 |       665       |  False  |  38 |       4892       | 0.0009009838104248047  |    0.0    |
|        52       | 12 |       152       |  False  |  6  |       2943       | 0.0004646778106689453  |    0.0    |
|        52       | 25 |       287       |  False  |  13 |       3265       |  0.000514984130859375  |    0.0    |
|        52       | 50 |       520       |  False  |  26 |       4060       | 0.0007691383361816406  |    0.0    |
|        52       | 75 |       708       |  False  |  39 |       5088       | 0.0009188652038574219  |    0.0    |
|        53       | 12 |       158       |  False  |  6  |       3054       | 0.00041604042053222656 |    0.0    |
|        53       | 25 |       308       |  False  |  13 |       3462       | 0.0005381107330322266  |    0.0    |
|        53       | 50 |       550       |  False  |  26 |       4422       | 0.0008258819580078125  |    0.0    |
|        53       | 75 |       703       |  False  |  39 |       5111       | 0.0009548664093017578  |    0.0    |
|        54       | 12 |       157       |  False  |  6  |       3140       | 0.00041294097900390625 |    0.0    |
|        54       | 25 |       321       |  False  |  13 |       3658       |   0.000579833984375    |    0.0    |
|        54       | 50 |       555       |  False  |  27 |       4245       | 0.0008151531219482422  |    0.0    |
|        54       | 75 |       765       |  False  |  40 |       5642       | 0.0010700225830078125  |    0.0    |
|        55       | 12 |       170       |  False  |  6  |       3262       | 0.0004551410675048828  |    0.0    |
|        55       | 25 |       336       |  False  |  13 |       3717       | 0.0006661415100097656  |    0.0    |
|        55       | 50 |       588       |  False  |  27 |       4517       | 0.0008158683776855469  |    0.0    |
|        55       | 75 |       776       |  False  |  41 |       5847       | 0.0010311603546142578  |    0.0    |
|        56       | 12 |       174       |  False  |  6  |       3388       | 0.0004470348358154297  |    0.0    |
|        56       | 25 |       342       |  False  |  14 |       3822       | 0.0005898475646972656  |    0.0    |
|        56       | 50 |       611       |  False  |  28 |       4728       | 0.0009129047393798828  |    0.0    |
|        56       | 75 |       798       |  False  |  42 |       5525       |  0.001104116439819336  |    0.0    |
|        57       | 12 |       183       |  False  |  6  |       3562       | 0.0004737377166748047  |    0.0    |
|        57       | 25 |       348       |  False  |  14 |       3954       | 0.0006120204925537109  |    0.0    |
|        57       | 50 |       627       |  False  |  28 |       5030       | 0.0009222030639648438  |    0.0    |
|        57       | 75 |       828       |  False  |  42 |       6216       | 0.0012240409851074219  |    0.0    |
|        58       | 12 |       190       |  False  |  6  |       3663       | 0.0005428791046142578  |    0.0    |
|        58       | 25 |       369       |  False  |  14 |       4134       | 0.0006668567657470703  |    0.0    |
|        58       | 50 |       651       |  False  |  29 |       5123       | 0.0009739398956298828  |    0.0    |
|        58       | 75 |       880       |  False  |  43 |       6548       | 0.0012509822845458984  |    0.0    |
|        59       | 12 |       190       |  False  |  7  |       3766       | 0.0005159378051757812  |    0.0    |
|        59       | 25 |       369       |  False  |  14 |       4220       | 0.0006527900695800781  |    0.0    |
|        59       | 50 |       687       |  False  |  29 |       5589       |   0.001007080078125    |    0.0    |
|        59       | 75 |       900       |  False  |  44 |       6423       | 0.0012309551239013672  |    0.0    |
|        60       | 12 |       198       |  False  |  7  |       3929       | 0.0005249977111816406  |    0.0    |
|        60       | 25 |       392       |  False  |  15 |       4415       | 0.0007729530334472656  |    0.0    |
|        60       | 50 |       676       |  False  |  30 |       5417       |   0.0009918212890625   |    0.0    |
|        60       | 75 |       959       |  False  |  45 |       7078       | 0.0014309883117675781  |    0.0    |
|        61       | 12 |       210       |  False  |  7  |       4062       | 0.0005412101745605469  |    0.0    |
|        61       | 25 |       400       |  False  |  15 |       4570       | 0.0007140636444091797  |    0.0    |
|        61       | 50 |       718       |  False  |  30 |       5830       | 0.0010561943054199219  |    0.0    |
|        61       | 75 |       966       |  False  |  45 |       7395       | 0.0014328956604003906  |    0.0    |
|        62       | 12 |       217       |  False  |  7  |       4173       | 0.0005648136138916016  |    0.0    |
|        62       | 25 |       421       |  False  |  15 |       4755       | 0.0007569789886474609  |    0.0    |
|        62       | 50 |       747       |  False  |  31 |       5801       | 0.0010859966278076172  |    0.0    |
|        62       | 75 |       994       |  False  |  46 |       7211       | 0.0014562606811523438  |    0.0    |
|        63       | 12 |       224       |  False  |  7  |       4326       | 0.0005979537963867188  |    0.0    |
|        63       | 25 |       431       |  False  |  15 |       4870       | 0.0007729530334472656  |    0.0    |
|        63       | 50 |       768       |  False  |  31 |       6000       |  0.001135110855102539  |    0.0    |
|        63       | 75 |       1036      |  False  |  47 |       7713       | 0.0014739036560058594  |    0.0    |
|        64       | 12 |       225       |  False  |  7  |       4481       | 0.0006029605865478516  |    0.0    |
|        64       | 25 |       440       |  False  |  16 |       4998       | 0.0007998943328857422  |    0.0    |
|        64       | 50 |       808       |  False  |  32 |       6159       |  0.001180887222290039  |    0.0    |
|        64       | 75 |       1055      |  False  |  48 |       7783       | 0.0015099048614501953  |    0.0    |
|        65       | 12 |       228       |  False  |  7  |       4655       | 0.0006222724914550781  |    0.0    |
|        65       | 25 |       458       |  False  |  16 |       5206       | 0.0008449554443359375  |    0.0    |
|        65       | 50 |       810       |  False  |  32 |       6349       | 0.0012097358703613281  |    0.0    |
|        65       | 75 |       1093      |  False  |  48 |       7865       |  0.001566171646118164  |    0.0    |
|        66       | 12 |       244       |  False  |  7  |       4769       | 0.0006620883941650391  |    0.0    |
|        66       | 25 |       478       |  False  |  16 |       5446       | 0.0008809566497802734  |    0.0    |
|        66       | 50 |       854       |  False  |  33 |       7076       | 0.0012979507446289062  |    0.0    |
|        66       | 75 |       1149      |  False  |  49 |       8173       | 0.0016489028930664062  |    0.0    |
|        67       | 12 |       252       |  False  |  8  |       4952       | 0.0006787776947021484  |    0.0    |
|        67       | 25 |       486       |  False  |  16 |       5471       | 0.0008962154388427734  |    0.0    |
|        67       | 50 |       894       |  False  |  33 |       6956       | 0.0013539791107177734  |    0.0    |
|        67       | 75 |       1173      |  False  |  50 |       9312       | 0.0017757415771484375  |    0.0    |
|        68       | 12 |       263       |  False  |  8  |       5091       | 0.0006928443908691406  |    0.0    |
|        68       | 25 |       498       |  False  |  17 |       5587       | 0.0009191036224365234  |    0.0    |
|        68       | 50 |       885       |  False  |  34 |       6896       | 0.0013649463653564453  |    0.0    |
|        68       | 75 |       1196      |  False  |  51 |       8596       | 0.0017671585083007812  |    0.0    |
|        69       | 12 |       263       |  False  |  8  |       5210       | 0.0007140636444091797  |    0.0    |
|        69       | 25 |       517       |  False  |  17 |       5797       | 0.0009608268737792969  |    0.0    |
|        69       | 50 |       921       |  False  |  34 |       7210       | 0.0014209747314453125  |    0.0    |
|        69       | 75 |       1265      |  False  |  51 |       9872       | 0.0019910335540771484  |    0.0    |
|        70       | 12 |       271       |  False  |  8  |       5410       | 0.0007429122924804688  |    0.0    |
|        70       | 25 |       540       |  False  |  17 |       6079       | 0.0010249614715576172  |    0.0    |
|        70       | 50 |       933       |  False  |  35 |       7411       | 0.0014719963073730469  |    0.0    |
|        70       | 75 |       1293      |  False  |  52 |       9118       | 0.0019559860229492188  |    0.0    |
|        71       | 12 |       288       |  False  |  8  |       5607       | 0.0007779598236083984  |    0.0    |
|        71       | 25 |       550       |  False  |  17 |       6287       | 0.0010409355163574219  |    0.0    |
|        71       | 50 |       988       |  False  |  35 |       7780       | 0.0015499591827392578  |    0.0    |
|        71       | 75 |       1310      |  False  |  53 |       9610       | 0.0021660327911376953  |    0.0    |
|        72       | 12 |       290       |  False  |  8  |       5715       | 0.0007939338684082031  |    0.0    |
|        72       | 25 |       575       |  False  |  18 |       6402       |  0.001085042953491211  |    0.0    |
|        72       | 50 |       994       |  False  |  36 |       7902       | 0.0015799999237060547  |    0.0    |
|        72       | 75 |       1333      |  False  |  54 |      10495       |  0.002104043960571289  |    0.0    |
|        73       | 12 |       299       |  False  |  8  |       5880       | 0.0008440017700195312  |    0.0    |
|        73       | 25 |       567       |  False  |  18 |       6585       | 0.0011010169982910156  |    0.0    |
|        73       | 50 |       1029      |  False  |  36 |       8054       | 0.0016520023345947266  |    0.0    |
|        73       | 75 |       1392      |  False  |  54 |      10553       |  0.002168893814086914  |    0.0    |
|        74       | 12 |       312       |  False  |  8  |       6006       | 0.0008580684661865234  |    0.0    |
|        74       | 25 |       593       |  False  |  18 |       6781       | 0.0011451244354248047  |    0.0    |
|        74       | 50 |       1078      |  False  |  37 |       8398       |  0.001725912094116211  |    0.0    |
|        74       | 75 |       1411      |  False  |  55 |      10762       |  0.002274751663208008  |    0.0    |
|        75       | 12 |       314       |  False  |  9  |       6230       | 0.0008671283721923828  |    0.0    |
|        75       | 25 |       621       |  False  |  18 |       6909       | 0.0011949539184570312  |    0.0    |
|        75       | 50 |       1106      |  False  |  37 |       8855       | 0.0018229484558105469  |    0.0    |
|        75       | 75 |       1449      |  False  |  56 |      10668       |  0.002292156219482422  |    0.0    |
|        76       | 12 |       327       |  False  |  9  |       6428       | 0.0009000301361083984  |    0.0    |
|        76       | 25 |       622       |  False  |  19 |       7087       | 0.0012171268463134766  |    0.0    |
|        76       | 50 |       1132      |  False  |  38 |       9009       | 0.0018579959869384766  |    0.0    |
|        76       | 75 |       1505      |  False  |  57 |      11222       | 0.0024352073669433594  |    0.0    |
|        77       | 12 |       337       |  False  |  9  |       6517       | 0.0009620189666748047  |    0.0    |
|        77       | 25 |       648       |  False  |  19 |       7334       |  0.001294851303100586  |    0.0    |
|        77       | 50 |       1148      |  False  |  38 |       9086       | 0.0019199848175048828  |    0.0    |
|        77       | 75 |       1542      |  False  |  57 |      11658       | 0.0025370121002197266  |    0.0    |
|        78       | 12 |       348       |  False  |  9  |       6718       |   0.000946044921875    |    0.0    |
|        78       | 25 |       671       |  False  |  19 |       7561       | 0.0013279914855957031  |    0.0    |
|        78       | 50 |       1180      |  False  |  39 |       9178       |  0.001940011978149414  |    0.0    |
|        78       | 75 |       1587      |  False  |  58 |      11881       | 0.0025887489318847656  |    0.0    |
|        79       | 12 |       349       |  False  |  9  |       6866       | 0.0009808540344238281  |    0.0    |
|        79       | 25 |       673       |  False  |  19 |       7800       | 0.0013496875762939453  |    0.0    |
|        79       | 50 |       1229      |  False  |  39 |       9578       |  0.002052783966064453  |    0.0    |
|        79       | 75 |       1617      |  False  |  59 |      12578       |  0.002698659896850586  |    0.0    |
|        80       | 12 |       357       |  False  |  9  |       7036       |  0.001010894775390625  |    0.0    |
|        80       | 25 |       687       |  False  |  20 |       7870       | 0.0014009475708007812  |    0.0    |
|        80       | 50 |       1242      |  False  |  40 |      10039       |  0.002104043960571289  |    0.0    |
|        80       | 75 |       1661      |  False  |  60 |      11905       | 0.0027039051055908203  |    0.0    |
|        81       | 12 |       367       |  False  |  9  |       7291       | 0.0010418891906738281  |    0.0    |
|        81       | 25 |       729       |  False  |  20 |       8182       |  0.001458883285522461  |    0.0    |
|        81       | 50 |       1266      |  False  |  40 |      10259       |  0.002180814743041992  |    0.0    |
|        81       | 75 |       1715      |  False  |  60 |      12824       |  0.002846956253051758  |    0.0    |
|        82       | 12 |       370       |  False  |  9  |       7397       | 0.0010590553283691406  |    0.0    |
|        82       | 25 |       730       |  False  |  20 |       8372       | 0.0014867782592773438  |    0.0    |
|        82       | 50 |       1316      |  False  |  41 |      10508       |  0.002270936965942383  |    0.0    |
|        82       | 75 |       1763      |  False  |  61 |      13212       | 0.0029540061950683594  |    0.0    |
|        83       | 12 |       394       |  False  |  9  |       7658       | 0.0011131763458251953  |    0.0    |
|        83       | 25 |       763       |  False  |  20 |       8518       | 0.0015459060668945312  |    0.0    |
|        83       | 50 |       1342      |  False  |  41 |      10945       | 0.0023581981658935547  |    0.0    |
|        83       | 75 |       1777      |  False  |  62 |      13534       | 0.0030100345611572266  |    0.0    |
|        84       | 12 |       399       |  False  |  10 |       7821       | 0.0011279582977294922  |    0.0    |
|        84       | 25 |       763       |  False  |  21 |       8764       | 0.0015628337860107422  |    0.0    |
|        84       | 50 |       1370      |  False  |  42 |      11204       | 0.0024111270904541016  |    0.0    |
|        84       | 75 |       1844      |  False  |  63 |      13276       |  0.003116130828857422  |    0.0    |
|        85       | 12 |       406       |  False  |  10 |       7983       | 0.0011625289916992188  |    0.0    |
|        85       | 25 |       802       |  False  |  21 |       8908       | 0.0016450881958007812  |    0.0    |
|        85       | 50 |       1396      |  False  |  42 |      11194       | 0.0024487972259521484  |    0.0    |
|        85       | 75 |       1886      |  False  |  63 |      14089       | 0.0032460689544677734  |    0.0    |
|        86       | 12 |       421       |  False  |  10 |       8232       |  0.001194000244140625  |    0.0    |
|        86       | 25 |       811       |  False  |  21 |       9082       |  0.001669168472290039  |    0.0    |
|        86       | 50 |       1446      |  False  |  43 |      12571       |  0.002599954605102539  |    0.0    |
|        86       | 75 |       1924      |  False  |  64 |      14147       |  0.003325939178466797  |    0.0    |
|        87       | 12 |       427       |  False  |  10 |       8329       | 0.0012249946594238281  |    0.0    |
|        87       | 25 |       834       |  False  |  21 |       9376       | 0.0017168521881103516  |    0.0    |
|        87       | 50 |       1486      |  False  |  43 |      12075       | 0.0026488304138183594  |    0.0    |
|        87       | 75 |       1977      |  False  |  65 |      14474       | 0.0034308433532714844  |    0.0    |
|        88       | 12 |       440       |  False  |  10 |       8588       | 0.0012638568878173828  |    0.0    |
|        88       | 25 |       843       |  False  |  22 |       9618       | 0.0017709732055664062  |    0.0    |
|        88       | 50 |       1540      |  False  |  44 |      12285       |  0.002760171890258789  |    0.0    |
|        88       | 75 |       2024      |  False  |  66 |      16137       | 0.0036497116088867188  |    0.0    |
|        89       | 12 |       444       |  False  |  10 |       8778       | 0.0012869834899902344  |    0.0    |
|        89       | 25 |       862       |  False  |  22 |       9731       | 0.0018072128295898438  |    0.0    |
|        89       | 50 |       1528      |  False  |  44 |      12020       | 0.0027399063110351562  |    0.0    |
|        89       | 75 |       2068      |  False  |  66 |      16210       | 0.0038089752197265625  |    0.0    |
|        90       | 12 |       453       |  False  |  10 |       8922       | 0.0013110637664794922  |    0.0    |
|        90       | 25 |       887       |  False  |  22 |      10053       |  0.001873016357421875  |    0.0    |
|        90       | 50 |       1584      |  False  |  45 |      13306       |  0.002885103225708008  |    0.0    |
|        90       | 75 |       2113      |  False  |  67 |      15999       | 0.0037958621978759766  |    0.0    |
|        91       | 12 |       469       |  False  |  10 |       9191       | 0.0013689994812011719  |    0.0    |
|        91       | 25 |       906       |  False  |  22 |      10350       | 0.0019290447235107422  |    0.0    |
|        91       | 50 |       1612      |  False  |  45 |      12709       |  0.002953052520751953  |    0.0    |
|        91       | 75 |       2195      |  False  |  68 |      16543       |  0.003941059112548828  |    0.0    |
|        92       | 12 |       469       |  False  |  11 |       9390       | 0.0013959407806396484  |    0.0    |
|        92       | 25 |       943       |  False  |  23 |      10625       |  0.002004861831665039  |    0.0    |
|        92       | 50 |       1675      |  False  |  46 |      13575       |  0.003107786178588867  |    0.0    |
|        92       | 75 |       2189      |  False  |  69 |      16164       |  0.004014730453491211  |    0.0    |
|        93       | 12 |       494       |  False  |  11 |       9555       |  0.001444101333618164  |    0.0    |
|        93       | 25 |       961       |  False  |  23 |      10980       | 0.0020630359649658203  |    0.0    |
|        93       | 50 |       1686      |  False  |  46 |      13678       | 0.0031359195709228516  |    0.0    |
|        93       | 75 |       2282      |  False  |  69 |      16558       |  0.004141807556152344  |    0.0    |
|        94       | 12 |       514       |  False  |  11 |       9872       | 0.0014922618865966797  |    0.0    |
|        94       | 25 |       959       |  False  |  23 |      11054       | 0.0020830631256103516  |    0.0    |
|        94       | 50 |       1717      |  False  |  47 |      13640       |  0.003210306167602539  |    0.0    |
|        94       | 75 |       2282      |  False  |  70 |      16701       | 0.0042171478271484375  |    0.0    |
|        95       | 12 |       506       |  False  |  11 |       9993       | 0.0015168190002441406  |    0.0    |
|        95       | 25 |       1003      |  False  |  23 |      11213       | 0.0021622180938720703  |    0.0    |
|        95       | 50 |       1759      |  False  |  47 |      13819       | 0.0032770633697509766  |    0.0    |
|        95       | 75 |       2368      |  False  |  71 |      17496       | 0.0044269561767578125  |    0.0    |
|        96       | 12 |       524       |  False  |  11 |      10238       | 0.0015637874603271484  |    0.0    |
|        96       | 25 |       1014      |  False  |  24 |      11387       | 0.0022079944610595703  |    0.0    |
|        96       | 50 |       1803      |  False  |  48 |      14368       | 0.0033991336822509766  |    0.0    |
|        96       | 75 |       2441      |  False  |  72 |      18416       |  0.004621028900146484  |    0.0    |
|        97       | 12 |       536       |  False  |  11 |      10408       | 0.0015821456909179688  |    0.0    |
|        97       | 25 |       1035      |  False  |  24 |      11989       |  0.002285003662109375  |    0.0    |
|        97       | 50 |       1834      |  False  |  48 |      14681       | 0.0034973621368408203  |    0.0    |
|        97       | 75 |       2440      |  False  |  72 |      18043       |  0.004642009735107422  |    0.0    |
|        98       | 12 |       541       |  False  |  11 |      10784       | 0.0016467571258544922  |    0.0    |
|        98       | 25 |       1048      |  False  |  24 |      11986       | 0.0023279190063476562  |    0.0    |
|        98       | 50 |       1877      |  False  |  49 |      15352       | 0.0035848617553710938  |    0.0    |
|        98       | 75 |       2530      |  False  |  73 |      18508       |  0.004802227020263672  |    0.0    |
|        99       | 12 |       546       |  False  |  11 |      10892       | 0.0016541481018066406  |    0.0    |
|        99       | 25 |       1060      |  False  |  24 |      12097       |  0.002357959747314453  |    0.0    |
|        99       | 50 |       1929      |  False  |  49 |      15336       | 0.0037059783935546875  |    0.0    |
|        99       | 75 |       2522      |  False  |  74 |      18485       |  0.004827022552490234  |    0.0    |
|       100       | 12 |       558       |  False  |  12 |      11138       | 0.0017032623291015625  |    0.0    |
|       100       | 25 |       1089      |  False  |  25 |      12469       | 0.0024209022521972656  |    0.0    |
|       100       | 50 |       1919      |  False  |  50 |      15359       |  0.003738880157470703  |    0.0    |
|       100       | 75 |       2637      |  False  |  75 |      19769       | 0.0050830841064453125  |    0.0    |
|       101       | 12 |       571       |  False  |  12 |      11271       | 0.0017337799072265625  |    0.0    |
|       101       | 25 |       1104      |  False  |  25 |      12771       | 0.0025022029876708984  |    0.0    |
|       101       | 50 |       1981      |  False  |  50 |      15672       |  0.003880023956298828  |    0.0    |
|       101       | 75 |       2664      |  False  |  75 |      20634       |  0.005201816558837891  |    0.0    |
|       102       | 12 |       580       |  False  |  12 |      11586       |  0.001786947250366211  |    0.0    |
|       102       | 25 |       1129      |  False  |  25 |      12980       | 0.0025610923767089844  |    0.0    |
|       102       | 50 |       2009      |  False  |  51 |      15960       | 0.0039708614349365234  |    0.0    |
|       102       | 75 |       2730      |  False  |  76 |      21185       |  0.005383014678955078  |    0.0    |
|       103       | 12 |       584       |  False  |  12 |      11790       | 0.0018057823181152344  |    0.0    |
|       103       | 25 |       1153      |  False  |  25 |      13263       |  0.002641916275024414  |    0.0    |
|       103       | 50 |       2040      |  False  |  51 |      16665       |  0.004058122634887695  |    0.0    |
|       103       | 75 |       2789      |  False  |  77 |      21049       |  0.005499124526977539  |    0.0    |
|       104       | 12 |       605       |  False  |  12 |      11934       | 0.0018570423126220703  |    0.0    |
|       104       | 25 |       1170      |  False  |  26 |      13413       | 0.0026807785034179688  |    0.0    |
|       104       | 50 |       2114      |  False  |  52 |      17312       |  0.004250764846801758  |    0.0    |
|       104       | 75 |       2822      |  False  |  78 |      21267       | 0.0056040287017822266  |    0.0    |
|       105       | 12 |       618       |  False  |  12 |      12218       | 0.0019071102142333984  |    0.0    |
|       105       | 25 |       1189      |  False  |  26 |      13816       |  0.002744913101196289  |    0.0    |
|       105       | 50 |       2149      |  False  |  52 |      17208       |  0.004335880279541016  |    0.0    |
|       105       | 75 |       2899      |  False  |  78 |      21621       |   0.005767822265625    |    0.0    |
|       106       | 12 |       630       |  False  |  12 |      12615       | 0.0019550323486328125  |    0.0    |
|       106       | 25 |       1222      |  False  |  26 |      14114       | 0.0028238296508789062  |    0.0    |
|       106       | 50 |       2173      |  False  |  53 |      17541       |  0.004415988922119141  |    0.0    |
|       106       | 75 |       2900      |  False  |  79 |      21775       | 0.0058209896087646484  |    0.0    |
|       107       | 12 |       639       |  False  |  12 |      12737       | 0.0019979476928710938  |    0.0    |
|       107       | 25 |       1253      |  False  |  26 |      14163       |  0.002881765365600586  |    0.0    |
|       107       | 50 |       2214      |  False  |  53 |      17736       |  0.004520893096923828  |    0.0    |
|       107       | 75 |       2986      |  False  |  80 |      22584       |  0.006016969680786133  |    0.0    |
|       108       | 12 |       659       |  False  |  12 |      12907       |  0.002048015594482422  |    0.0    |
|       108       | 25 |       1265      |  False  |  27 |      14615       |  0.002964019775390625  |    0.0    |
|       108       | 50 |       2293      |  False  |  54 |      18811       |  0.004724979400634766  |    0.0    |
|       108       | 75 |       3031      |  False  |  81 |      22309       |  0.006145000457763672  |    0.0    |
|       109       | 12 |       657       |  False  |  13 |      13217       | 0.0020818710327148438  |    0.0    |
|       109       | 25 |       1282      |  False  |  27 |      14862       | 0.0030090808868408203  |    0.0    |
|       109       | 50 |       2322      |  False  |  54 |      18660       |  0.004749774932861328  |    0.0    |
|       109       | 75 |       3083      |  False  |  81 |      23435       | 0.0063207149505615234  |    0.0    |
|       110       | 12 |       669       |  False  |  13 |      13467       | 0.0021147727966308594  |    0.0    |
|       110       | 25 |       1323      |  False  |  27 |      15097       |  0.003117799758911133  |    0.0    |
|       110       | 50 |       2346      |  False  |  55 |      18951       |  0.004878997802734375  |    0.0    |
|       110       | 75 |       3151      |  False  |  82 |      23074       | 0.0065119266510009766  |    0.0    |
|       111       | 12 |       679       |  False  |  13 |      13671       | 0.0021550655364990234  |    0.0    |
|       111       | 25 |       1346      |  False  |  27 |      15559       | 0.0031960010528564453  |    0.0    |
|       111       | 50 |       2403      |  False  |  55 |      18944       |  0.005003929138183594  |    0.0    |
|       111       | 75 |       3223      |  False  |  83 |      23948       |  0.006682872772216797  |    0.0    |
|       112       | 12 |       700       |  False  |  13 |      13906       |  0.002231121063232422  |    0.0    |
|       112       | 25 |       1373      |  False  |  28 |      15982       | 0.0032830238342285156  |    0.0    |
|       112       | 50 |       2446      |  False  |  56 |      20029       |  0.00517725944519043   |    0.0    |
|       112       | 75 |       3278      |  False  |  84 |      25008       |  0.006826162338256836  |    0.0    |
|       113       | 12 |       718       |  False  |  13 |      14127       | 0.0022726058959960938  |    0.0    |
|       113       | 25 |       1391      |  False  |  28 |      15857       | 0.0033261775970458984  |    0.0    |
|       113       | 50 |       2478      |  False  |  56 |      19894       |  0.00521087646484375   |    0.0    |
|       113       | 75 |       3346      |  False  |  84 |      26116       |  0.007078886032104492  |    0.0    |
|       114       | 12 |       730       |  False  |  13 |      14377       |  0.002325773239135742  |    0.0    |
|       114       | 25 |       1415      |  False  |  28 |      16196       | 0.0034148693084716797  |    0.0    |
|       114       | 50 |       2550      |  False  |  57 |      20589       |    0.00543212890625    |    0.0    |
|       114       | 75 |       3374      |  False  |  85 |      25080       |  0.007386922836303711  |    0.0    |
|       115       | 12 |       750       |  False  |  13 |      14734       |  0.00249481201171875   |    0.0    |
|       115       | 25 |       1426      |  False  |  28 |      16320       |  0.003712892532348633  |    0.0    |
|       115       | 50 |       2567      |  False  |  57 |      21926       |  0.005934000015258789  |    0.0    |
|       115       | 75 |       3424      |  False  |  86 |      25244       |  0.007800102233886719  |    0.0    |
|       116       | 12 |       749       |  False  |  13 |      14906       | 0.0025680065155029297  |    0.0    |
|       116       | 25 |       1458      |  False  |  29 |      16603       |  0.003679990768432617  |    0.0    |
|       116       | 50 |       2583      |  False  |  58 |      20723       |  0.005552768707275391  |    0.0    |
|       116       | 75 |       3545      |  False  |  87 |      28487       |  0.007760047912597656  |    0.0    |
|       117       | 12 |       766       |  False  |  14 |      15181       |   0.0024871826171875   |    0.0    |
|       117       | 25 |       1500      |  False  |  29 |      17098       | 0.0036602020263671875  |    0.0    |
|       117       | 50 |       2673      |  False  |  58 |      21642       |  0.005776166915893555  |    0.0    |
|       117       | 75 |       3601      |  False  |  87 |      26570       |  0.007752895355224609  |    0.0    |
|       118       | 12 |       777       |  False  |  14 |      15395       | 0.0025310516357421875  |    0.0    |
|       118       | 25 |       1533      |  False  |  29 |      17329       |  0.003738880157470703  |    0.0    |
|       118       | 50 |       2691      |  False  |  59 |      21519       |  0.005883932113647461  |    0.0    |
|       118       | 75 |       3624      |  False  |  88 |      28394       |  0.007976770401000977  |    0.0    |
|       119       | 12 |       795       |  False  |  14 |      15741       | 0.0025811195373535156  |    0.0    |
|       119       | 25 |       1582      |  False  |  29 |      17868       | 0.0038700103759765625  |    0.0    |
|       119       | 50 |       2757      |  False  |  59 |      22720       |  0.006055116653442383  |    0.0    |
|       119       | 75 |       3719      |  False  |  89 |      28559       |  0.008116960525512695  |    0.0    |
|       120       | 12 |       808       |  False  |  14 |      15950       |  0.002627849578857422  |    0.0    |
|       120       | 25 |       1581      |  False  |  30 |      17938       | 0.0038750171661376953  |    0.0    |
|       120       | 50 |       2822      |  False  |  60 |      23217       |  0.00623774528503418   |    0.0    |
|       120       | 75 |       3794      |  False  |  90 |      29346       |  0.008428812026977539  |    0.0    |
|       121       | 12 |       824       |  False  |  14 |      16448       | 0.0026907920837402344  |    0.0    |
|       121       | 25 |       1607      |  False  |  30 |      18349       |  0.003991842269897461  |    0.0    |
|       121       | 50 |       2834      |  False  |  60 |      23045       |  0.006367921829223633  |    0.0    |
|       121       | 75 |       3816      |  False  |  90 |      29427       |  0.008780956268310547  |    0.0    |
|       122       | 12 |       829       |  False  |  14 |      16502       | 0.0027577877044677734  |    0.0    |
|       122       | 25 |       1636      |  False  |  30 |      18668       | 0.0043299198150634766  |    0.0    |
|       122       | 50 |       2917      |  False  |  61 |      23484       |  0.006913661956787109  |    0.0    |
|       122       | 75 |       3917      |  False  |  91 |      29913       |  0.009225845336914062  |    0.0    |
|       123       | 12 |       844       |  False  |  14 |      16784       |  0.002936124801635742  |    0.0    |
|       123       | 25 |       1667      |  False  |  30 |      18907       | 0.0043430328369140625  |    0.0    |
|       123       | 50 |       2957      |  False  |  61 |      23828       |  0.006907224655151367  |    0.0    |
|       123       | 75 |       3967      |  False  |  92 |      30988       |  0.009320974349975586  |    0.0    |
|       124       | 12 |       868       |  False  |  14 |      17049       |   0.0029449462890625   |    0.0    |
|       124       | 25 |       1679      |  False  |  31 |      19076       |  0.004466056823730469  |    0.0    |
|       124       | 50 |       3009      |  False  |  62 |      23961       | 0.0067539215087890625  |    0.0    |
|       124       | 75 |       4048      |  False  |  93 |      31542       |  0.009226322174072266  |    0.0    |
|       125       | 12 |       874       |  False  |  15 |      17536       | 0.0029287338256835938  |    0.0    |
|       125       | 25 |       1709      |  False  |  31 |      19560       | 0.0043621063232421875  |    0.0    |
|       125       | 50 |       3049      |  False  |  62 |      24752       | 0.0069561004638671875  |    0.0    |
|       125       | 75 |       4085      |  False  |  93 |      31077       |  0.009284257888793945  |    0.0    |
|       126       | 12 |       883       |  False  |  15 |      17842       | 0.0029621124267578125  |    0.0    |
|       126       | 25 |       1760      |  False  |  31 |      20114       |  0.004466056823730469  |    0.0    |
|       126       | 50 |       3089      |  False  |  63 |      25730       |  0.007006168365478516  |    0.0    |
|       126       | 75 |       4169      |  False  |  94 |      31071       |  0.009505033493041992  |    0.0    |
|       127       | 12 |       906       |  False  |  15 |      17905       | 0.0030126571655273438  |    0.0    |
|       127       | 25 |       1778      |  False  |  31 |      20066       |  0.004528045654296875  |    0.0    |
|       127       | 50 |       3174      |  False  |  63 |      25725       |  0.007302999496459961  |    0.0    |
|       127       | 75 |       4220      |  False  |  95 |      32179       |  0.00974416732788086   |    0.0    |
|       128       | 12 |       926       |  False  |  15 |      18202       |  0.003092050552368164  |    0.0    |
|       128       | 25 |       1783      |  False  |  32 |      20354       | 0.0045812129974365234  |    0.0    |
|       128       | 50 |       3194      |  False  |  64 |      26779       |  0.007388114929199219  |    0.0    |
|       128       | 75 |       4276      |  False  |  96 |      31811       |  0.009795904159545898  |   43.75   |
|       129       | 12 |       921       |  False  |  15 |      18418       |  0.003106832504272461  |    0.0    |
|       129       | 25 |       1834      |  False  |  32 |      20957       |  0.004713773727416992  |    0.0    |
|       129       | 50 |       3256      |  False  |  64 |      26131       |  0.008082151412963867  |    0.0    |
|       129       | 75 |       4375      |  False  |  96 |      31694       |  0.010792255401611328  |    0.0    |
|       130       | 12 |       953       |  False  |  15 |      19064       | 0.0033600330352783203  |    0.0    |
|       130       | 25 |       1844      |  False  |  32 |      20993       |  0.005125284194946289  |    0.0    |
|       130       | 50 |       3292      |  False  |  65 |      26272       |  0.008121967315673828  |    0.0    |
|       130       | 75 |       4440      |  False  |  97 |      34212       |  0.010515928268432617  |    0.0    |
|       131       | 12 |       967       |  False  |  15 |      19189       | 0.0032689571380615234  |    0.0    |
|       131       | 25 |       1875      |  False  |  32 |      21807       |  0.004904985427856445  |    0.0    |
|       131       | 50 |       3357      |  False  |  65 |      26721       |  0.007816314697265625  |    0.0    |
|       131       | 75 |       4465      |  False  |  98 |      33468       |  0.010467052459716797  |    0.0    |
|       132       | 12 |       978       |  False  |  15 |      19478       |  0.003323078155517578  |    0.0    |
|       132       | 25 |       1889      |  False  |  33 |      22024       |  0.004961967468261719  |    0.0    |
|       132       | 50 |       3401      |  False  |  66 |      27442       |  0.00797891616821289   |    0.0    |
|       132       | 75 |       4594      |  False  |  99 |      34711       |    0.01080322265625    |    0.0    |
|       133       | 12 |       980       |  False  |  15 |      19633       | 0.0033769607543945312  |    0.0    |
|       133       | 25 |       1937      |  False  |  33 |      22628       |  0.005140066146850586  |    0.0    |
|       133       | 50 |       3442      |  False  |  66 |      28033       |  0.008150100708007812  |    0.0    |
|       133       | 75 |       4655      |  False  |  99 |      35504       |  0.01112508773803711   |    0.0    |
|       134       | 12 |       1019      |  False  |  16 |      19986       |  0.003448009490966797  |    0.0    |
|       134       | 25 |       1975      |  False  |  33 |      22808       |  0.005206108093261719  |    0.0    |
|       134       | 50 |       3534      |  False  |  67 |      29381       |  0.008526086807250977  |    0.0    |
|       134       | 75 |       4710      |  False  | 100 |      35137       |  0.011185884475708008  |    0.0    |
|       135       | 12 |       1027      |  False  |  16 |      20592       |  0.003549337387084961  |    0.0    |
|       135       | 25 |       1984      |  False  |  33 |      22861       | 0.0052869319915771484  |    0.0    |
|       135       | 50 |       3563      |  False  |  67 |      29037       |  0.00854802131652832   |    0.0    |
|       135       | 75 |       4748      |  False  | 101 |      35255       |  0.011471748352050781  |    0.0    |
|       136       | 12 |       1035      |  False  |  16 |      20601       | 0.0035898685455322266  |    0.0    |
|       136       | 25 |       2026      |  False  |  34 |      23097       | 0.0053789615631103516  |    0.0    |
|       136       | 50 |       3604      |  False  |  68 |      29267       |  0.008725881576538086  |    0.0    |
|       136       | 75 |       4894      |  False  | 102 |      36203       |  0.011920928955078125  |    0.0    |
|       137       | 12 |       1053      |  False  |  16 |      20940       | 0.0036249160766601562  |    0.0    |
|       137       | 25 |       2060      |  False  |  34 |      23934       |  0.005558013916015625  |    0.0    |
|       137       | 50 |       3628      |  False  |  68 |      29271       |  0.008750677108764648  |    0.0    |
|       137       | 75 |       4972      |  False  | 102 |      37847       |  0.012109041213989258  |    0.0    |
|       138       | 12 |       1079      |  False  |  16 |      21096       |  0.003713846206665039  |    0.0    |
|       138       | 25 |       2101      |  False  |  34 |      23975       | 0.0056302547454833984  |    0.0    |
|       138       | 50 |       3691      |  False  |  69 |      30318       |  0.00903010368347168   |    0.0    |
|       138       | 75 |       4993      |  False  | 103 |      36982       |  0.012205123901367188  |    0.0    |
|       139       | 12 |       1078      |  False  |  16 |      21587       |  0.003736257553100586  |    0.0    |
|       139       | 25 |       2103      |  False  |  34 |      24222       | 0.0056951045989990234  |    0.0    |
|       139       | 50 |       3792      |  False  |  69 |      30845       |  0.009295940399169922  |    0.0    |
|       139       | 75 |       5058      |  False  | 104 |      39190       |  0.012525796890258789  |    0.0    |
|       140       | 12 |       1095      |  False  |  16 |      21967       | 0.0038640499114990234  |    0.0    |
|       140       | 25 |       2136      |  False  |  35 |      24449       |  0.005791902542114258  |    0.0    |
|       140       | 50 |       3852      |  False  |  70 |      31138       |  0.009477853775024414  |    0.0    |
|       140       | 75 |       5172      |  False  | 105 |      39738       |  0.012961149215698242  |    0.0    |
|       141       | 12 |       1105      |  False  |  16 |      22096       |  0.003909111022949219  |    0.0    |
|       141       | 25 |       2185      |  False  |  35 |      24883       |  0.005957126617431641  |    0.0    |
|       141       | 50 |       3883      |  False  |  70 |      32014       |  0.009617090225219727  |    0.0    |
|       141       | 75 |       5256      |  False  | 105 |      39407       |  0.013041019439697266  |    0.0    |
|       142       | 12 |       1144      |  False  |  17 |      22506       |  0.004007101058959961  |    0.0    |
|       142       | 25 |       2222      |  False  |  35 |      25385       |  0.006047964096069336  |    0.0    |
|       142       | 50 |       3936      |  False  |  71 |      31938       |  0.009766101837158203  |    0.0    |
|       142       | 75 |       5213      |  False  | 106 |      39976       |  0.013059139251708984  |    0.0    |
|       143       | 12 |       1157      |  False  |  17 |      22806       |  0.004071950912475586  |    0.0    |
|       143       | 25 |       2243      |  False  |  35 |      25607       |  0.006164073944091797  |    0.0    |
|       143       | 50 |       3935      |  False  |  71 |      32039       |  0.009831905364990234  |    0.0    |
|       143       | 75 |       5357      |  False  | 107 |      41661       |  0.01359105110168457   |    0.0    |
|       144       | 12 |       1166      |  False  |  17 |      23086       |  0.004141092300415039  |    0.0    |
|       144       | 25 |       2270      |  False  |  36 |      25906       |  0.006269931793212891  |    0.0    |
|       144       | 50 |       4083      |  False  |  72 |      32572       |  0.010251045227050781  |    0.0    |
|       144       | 75 |       5420      |  False  | 108 |      41433       |  0.013829946517944336  |    0.0    |
|       145       | 12 |       1184      |  False  |  17 |      23412       | 0.0042209625244140625  |    0.0    |
|       145       | 25 |       2326      |  False  |  36 |      26411       |  0.006412029266357422  |    0.0    |
|       145       | 50 |       4122      |  False  |  72 |      33124       |  0.01044011116027832   |    0.0    |
|       145       | 75 |       5530      |  False  | 108 |      42408       |  0.014089345932006836  |    0.0    |
|       146       | 12 |       1201      |  False  |  17 |      23765       |  0.004270076751708984  |    0.0    |
|       146       | 25 |       2350      |  False  |  36 |      26653       |  0.006540060043334961  |    0.0    |
|       146       | 50 |       4183      |  False  |  73 |      33397       |  0.01057291030883789   |    0.0    |
|       146       | 75 |       5612      |  False  | 109 |      43910       |  0.014514923095703125  |    0.0    |
|       147       | 12 |       1204      |  False  |  17 |      24014       |  0.004317045211791992  |    0.0    |
|       147       | 25 |       2376      |  False  |  36 |      27181       |  0.006635904312133789  |    0.0    |
|       147       | 50 |       4222      |  False  |  73 |      33779       |  0.010755777359008789  |    0.0    |
|       147       | 75 |       5587      |  False  | 110 |      42386       |  0.014371156692504883  |    0.0    |
|       148       | 12 |       1231      |  False  |  17 |      24598       |  0.004399776458740234  |    0.0    |
|       148       | 25 |       2391      |  False  |  37 |      27813       |  0.006746768951416016  |    0.0    |
|       148       | 50 |       4269      |  False  |  74 |      34641       |  0.011140108108520508  |    0.0    |
|       148       | 75 |       5786      |  False  | 111 |      46322       |  0.015144824981689453  |    0.0    |
|       149       | 12 |       1253      |  False  |  17 |      24650       |  0.004478931427001953  |    0.0    |
|       149       | 25 |       2472      |  False  |  37 |      28606       |  0.006951808929443359  |    0.0    |
|       149       | 50 |       4347      |  False  |  74 |      34828       |  0.011228084564208984  |    0.0    |
|       149       | 75 |       5818      |  False  | 111 |      44279       |  0.01512908935546875   |    0.0    |
|       150       | 12 |       1265      |  False  |  18 |      25101       | 0.0045359134674072266  |    0.0    |
|       150       | 25 |       2479      |  False  |  37 |      28172       |  0.007035732269287109  |    0.0    |
|       150       | 50 |       4402      |  False  |  75 |      35669       |  0.011391162872314453  |    0.0    |
|       150       | 75 |       5870      |  False  | 112 |      44481       |  0.015340089797973633  |    0.0    |
|       151       | 12 |       1266      |  False  |  18 |      25416       |  0.004591941833496094  |    0.0    |
|       151       | 25 |       2518      |  False  |  37 |      28817       | 0.0071392059326171875  |    0.0    |
|       151       | 50 |       4452      |  False  |  75 |      36308       |  0.011665105819702148  |    0.0    |
|       151       | 75 |       5982      |  False  | 113 |      45135       |  0.015813827514648438  |    0.0    |
|       152       | 12 |       1289      |  False  |  18 |      25823       |  0.004718780517578125  |    0.0    |
|       152       | 25 |       2551      |  False  |  38 |      28986       |  0.00722813606262207   |    0.0    |
|       152       | 50 |       4513      |  False  |  76 |      36450       |  0.011777877807617188  |    0.0    |
|       152       | 75 |       6010      |  False  | 114 |      46256       |  0.01594400405883789   |    0.0    |
|       153       | 12 |       1325      |  False  |  18 |      26336       |  0.004783153533935547  |    0.0    |
|       153       | 25 |       2566      |  False  |  38 |      29467       |  0.007559776306152344  |    0.0    |
|       153       | 50 |       4572      |  False  |  76 |      36611       |  0.012211799621582031  |    0.0    |
|       153       | 75 |       6162      |  False  | 114 |      47811       |  0.016345739364624023  |    0.0    |
|       154       | 12 |       1348      |  False  |  18 |      26398       | 0.0048999786376953125  |    0.0    |
|       154       | 25 |       2612      |  False  |  38 |      29949       |  0.007534980773925781  |    0.0    |
|       154       | 50 |       4616      |  False  |  77 |      37404       |  0.012248992919921875  |    0.0    |
|       154       | 75 |       6211      |  False  | 115 |      48192       |  0.016916990280151367  |    0.0    |
|       155       | 12 |       1353      |  False  |  18 |      26948       |  0.004934787750244141  |    0.0    |
|       155       | 25 |       2641      |  False  |  38 |      30562       | 0.0076351165771484375  |    0.0    |
|       155       | 50 |       4679      |  False  |  77 |      37959       |  0.012462139129638672  |    0.0    |
|       155       | 75 |       6284      |  False  | 116 |      48035       |  0.01703500747680664   |    0.0    |
|       156       | 12 |       1378      |  False  |  18 |      27368       | 0.0050280094146728516  |    0.0    |
|       156       | 25 |       2663      |  False  |  39 |      30569       |  0.007738828659057617  |    0.0    |
|       156       | 50 |       4770      |  False  |  78 |      38836       |  0.012747049331665039  |    0.0    |
|       156       | 75 |       6423      |  False  | 117 |      48715       |  0.01730823516845703   |    0.0    |
|       157       | 12 |       1377      |  False  |  18 |      27482       |  0.005095958709716797  |    0.0    |
|       157       | 25 |       2702      |  False  |  39 |      30805       |  0.007863044738769531  |    0.0    |
|       157       | 50 |       4853      |  False  |  78 |      41683       |  0.01320195198059082   |    0.0    |
|       157       | 75 |       6469      |  False  | 117 |      52055       |  0.01771378517150879   |    0.0    |
|       158       | 12 |       1399      |  False  |  18 |      27705       |  0.005151987075805664  |    0.0    |
|       158       | 25 |       2743      |  False  |  39 |      31440       |  0.008065938949584961  |    0.0    |
|       158       | 50 |       4843      |  False  |  79 |      39078       |  0.01308298110961914   |    0.0    |
|       158       | 75 |       6562      |  False  | 118 |      50677       |  0.01813220977783203   |    0.0    |
|       159       | 12 |       1426      |  False  |  19 |      28417       |  0.005303144454956055  |    0.0    |
|       159       | 25 |       2746      |  False  |  39 |      31635       |  0.008099794387817383  |    0.0    |
|       159       | 50 |       4965      |  False  |  79 |      40006       |  0.013436079025268555  |    0.0    |
|       159       | 75 |       6595      |  False  | 119 |      52005       |  0.01803278923034668   |    0.0    |
|       160       | 12 |       1442      |  False  |  19 |      28845       |  0.005373954772949219  |    0.0    |
|       160       | 25 |       2782      |  False  |  40 |      31953       |  0.00820302963256836   |    0.0    |
|       160       | 50 |       5027      |  False  |  80 |      40876       |  0.01368403434753418   |    0.0    |
|       160       | 75 |       6685      |  False  | 120 |      52795       |  0.018477916717529297  |    0.0    |
|       161       | 12 |       1456      |  False  |  19 |      28953       | 0.0054280757904052734  |    0.0    |
|       161       | 25 |       2856      |  False  |  40 |      33078       |  0.00846099853515625   |    0.0    |
|       161       | 50 |       5080      |  False  |  80 |      41409       |  0.013916969299316406  |    0.0    |
|       161       | 75 |       6827      |  False  | 120 |      51516       |  0.018894195556640625  |    0.0    |
|       162       | 12 |       1477      |  False  |  19 |      29636       |  0.005525827407836914  |    0.0    |
|       162       | 25 |       2869      |  False  |  40 |      32952       |  0.008580207824707031  |    0.0    |
|       162       | 50 |       5112      |  False  |  81 |      42180       |  0.014094114303588867  |    0.0    |
|       162       | 75 |       6872      |  False  | 121 |      52513       |  0.019030094146728516  |    0.0    |
|       163       | 12 |       1498      |  False  |  19 |      29701       |  0.005602121353149414  |    0.0    |
|       163       | 25 |       2914      |  False  |  40 |      33270       |  0.008665084838867188  |    0.0    |
|       163       | 50 |       5213      |  False  |  81 |      42605       |  0.014415264129638672  |    0.0    |
|       163       | 75 |       6936      |  False  | 122 |      53470       |  0.019538164138793945  |    0.0    |
|       164       | 12 |       1523      |  False  |  19 |      30203       |  0.00571894645690918   |    0.0    |
|       164       | 25 |       2972      |  False  |  41 |      34853       |  0.009025812149047852  |    0.0    |
|       164       | 50 |       5308      |  False  |  82 |      42547       |  0.014744043350219727  |    0.0    |
|       164       | 75 |       7020      |  False  | 123 |      54650       |  0.019795894622802734  |    0.0    |
|       165       | 12 |       1539      |  False  |  19 |      30293       |   0.0057830810546875   |    0.0    |
|       165       | 25 |       3018      |  False  |  41 |      34476       |  0.009120941162109375  |    0.0    |
|       165       | 50 |       5315      |  False  |  82 |      43349       |  0.015048980712890625  |    0.0    |
|       165       | 75 |       7179      |  False  | 123 |      55318       |  0.020142793655395508  |    0.0    |
|       166       | 12 |       1548      |  False  |  19 |      30850       |  0.005908966064453125  |    0.0    |
|       166       | 25 |       3010      |  False  |  41 |      34658       |  0.009105920791625977  |    0.0    |
|       166       | 50 |       5396      |  False  |  83 |      44000       |  0.01519012451171875   |    0.0    |
|       166       | 75 |       7167      |  False  | 124 |      54977       |  0.02032303810119629   |    0.0    |
|       167       | 12 |       1567      |  False  |  20 |      31106       |  0.005933046340942383  |    0.0    |
|       167       | 25 |       3063      |  False  |  41 |      35240       |  0.009286880493164062  |    0.0    |
|       167       | 50 |       5510      |  False  |  83 |      45000       |  0.015659093856811523  |    0.0    |
|       167       | 75 |       7351      |  False  | 125 |      54824       |  0.02101421356201172   |    0.0    |
|       168       | 12 |       1588      |  False  |  20 |      31717       |  0.006100893020629883  |    0.0    |
|       168       | 25 |       3088      |  False  |  42 |      35528       |  0.009402990341186523  |    0.0    |
|       168       | 50 |       5516      |  False  |  84 |      44721       |  0.015607833862304688  |    0.0    |
|       168       | 75 |       7390      |  False  | 126 |      56633       |  0.021427392959594727  |    0.0    |
|       169       | 12 |       1604      |  False  |  20 |      31744       |  0.006148099899291992  |    0.0    |
|       169       | 25 |       3149      |  False  |  42 |      35908       |  0.009617805480957031  |    0.0    |
|       169       | 50 |       5635      |  False  |  84 |      45539       |  0.016024112701416016  |  2.15625  |
|       169       | 75 |       7510      |  False  | 126 |      58262       |  0.021810054779052734  |  0.015625 |
|       170       | 12 |       1619      |  False  |  20 |      32145       |  0.006201982498168945  |    0.0    |
|       170       | 25 |       3187      |  False  |  42 |      36505       |  0.009837150573730469  |    0.0    |
|       170       | 50 |       5670      |  False  |  85 |      47385       |  0.016299724578857422  |    0.0    |
|       170       | 75 |       7545      |  False  | 127 |      56949       |   0.021942138671875    |    0.0    |
|       171       | 12 |       1627      |  False  |  20 |      32785       |  0.006298065185546875  |    0.0    |
|       171       | 25 |       3210      |  False  |  42 |      37740       |  0.009955883026123047  |    0.0    |
|       171       | 50 |       5725      |  False  |  85 |      46939       |  0.016440153121948242  |    0.0    |
|       171       | 75 |       7682      |  False  | 128 |      59263       |  0.022469043731689453  |    0.0    |
|       172       | 12 |       1656      |  False  |  20 |      33114       |  0.006402015686035156  |    0.0    |
|       172       | 25 |       3251      |  False  |  43 |      37827       |  0.010102033615112305  |    0.0    |
|       172       | 50 |       5800      |  False  |  86 |      47206       |   0.0167849063873291   |    0.0    |
|       172       | 75 |       7727      |  False  | 129 |      58737       |  0.022481918334960938  |    0.0    |
|       173       | 12 |       1672      |  False  |  20 |      33493       |  0.006493330001831055  |    0.0    |
|       173       | 25 |       3308      |  False  |  43 |      37765       |  0.010265111923217773  |    0.0    |
|       173       | 50 |       5862      |  False  |  86 |      47286       |  0.01697707176208496   |    0.0    |
|       173       | 75 |       7869      |  False  | 129 |      60061       |  0.023205041885375977  |    0.0    |
|       174       | 12 |       1683      |  False  |  20 |      33849       | 0.0065691471099853516  |    0.0    |
|       174       | 25 |       3326      |  False  |  43 |      38669       |  0.010402202606201172  |    0.0    |
|       174       | 50 |       5907      |  False  |  87 |      48268       |   0.0171968936920166   |    0.0    |
|       174       | 75 |       7985      |  False  | 130 |      59414       |  0.02355504035949707   |    0.0    |
|       175       | 12 |       1731      |  False  |  21 |      34548       |  0.006706953048706055  |    0.0    |
|       175       | 25 |       3371      |  False  |  43 |      39068       |  0.010558843612670898  |    0.0    |
|       175       | 50 |       5960      |  False  |  87 |      49176       |  0.01751399040222168   |    0.0    |
|       175       | 75 |       8004      |  False  | 131 |      61191       |  0.023689985275268555  |    0.0    |
|       176       | 12 |       1747      |  False  |  21 |      34992       | 0.0067751407623291016  |    0.0    |
|       176       | 25 |       3424      |  False  |  44 |      39321       |  0.01077723503112793   |    0.0    |
|       176       | 50 |       6086      |  False  |  88 |      49108       |  0.01785898208618164   |    0.0    |
|       176       | 75 |       8074      |  False  | 132 |      60842       |  0.024122953414916992  |    0.0    |
|       177       | 12 |       1760      |  False  |  21 |      34838       |  0.006925106048583984  |    0.0    |
|       177       | 25 |       3419      |  False  |  44 |      39253       |  0.010833978652954102  |    0.0    |
|       177       | 50 |       6130      |  False  |  88 |      51009       |  0.01817607879638672   |    0.0    |
|       177       | 75 |       8234      |  False  | 132 |      63414       |  0.024602651596069336  |    0.0    |
|       178       | 12 |       1789      |  False  |  21 |      35437       | 0.0070078372955322266  |    0.0    |
|       178       | 25 |       3493      |  False  |  44 |      40328       |  0.01108098030090332   |    0.0    |
|       178       | 50 |       6188      |  False  |  89 |      51779       |  0.018603086471557617  |    0.0    |
|       178       | 75 |       8308      |  False  | 133 |      65848       |  0.025300025939941406  | 22.921875 |
|       179       | 12 |       1791      |  False  |  21 |      36082       |  0.007057905197143555  |  0.015625 |
|       179       | 25 |       3540      |  False  |  44 |      40108       |  0.01125192642211914   |    0.0    |
|       179       | 50 |       6265      |  False  |  89 |      50831       |  0.018722057342529297  |    0.0    |
|       179       | 75 |       8483      |  False  | 134 |      64668       |  0.025675058364868164  |    0.0    |
|       180       | 12 |       1809      |  False  |  21 |      36035       |  0.007161855697631836  |    0.0    |
|       180       | 25 |       3546      |  False  |  45 |      40826       |  0.011377096176147461  |    0.0    |
|       180       | 50 |       6319      |  False  |  90 |      51615       |  0.018913984298706055  |    0.0    |
|       180       | 75 |       8527      |  False  | 135 |      66775       |  0.025794029235839844  |    0.0    |
|       181       | 12 |       1842      |  False  |  21 |      37235       |  0.00741887092590332   |    0.0    |
|       181       | 25 |       3594      |  False  |  45 |      42887       |  0.011526823043823242  |    0.0    |
|       181       | 50 |       6407      |  False  |  90 |      52726       |  0.019363880157470703  |    0.0    |
|       181       | 75 |       8593      |  False  | 135 |      66347       |  0.026175975799560547  |    0.0    |
|       182       | 12 |       1855      |  False  |  21 |      37125       |  0.007395267486572266  |    0.0    |
|       182       | 25 |       3644      |  False  |  45 |      41480       |  0.011743783950805664  |    0.0    |
|       182       | 50 |       6456      |  False  |  91 |      54710       |  0.01970696449279785   |    0.0    |
|       182       | 75 |       8649      |  False  | 136 |      68317       |  0.026547908782958984  |    0.0    |
|       183       | 12 |       1897      |  False  |  21 |      37378       | 0.0075609683990478516  |    0.0    |
|       183       | 25 |       3714      |  False  |  45 |      42461       |  0.011991024017333984  |    0.0    |
|       183       | 50 |       6528      |  False  |  91 |      52934       |  0.019824981689453125  |    0.0    |
|       183       | 75 |       8805      |  False  | 137 |      66826       |  0.027120113372802734  |    0.0    |
|       184       | 12 |       1903      |  False  |  22 |      37958       |  0.007643938064575195  |    0.0    |
|       184       | 25 |       3732      |  False  |  46 |      42543       |  0.012090206146240234  |    0.0    |
|       184       | 50 |       6568      |  False  |  92 |      53774       |  0.020045995712280273  |    0.0    |
|       184       | 75 |       8924      |  False  | 138 |      67529       |  0.027625322341918945  |    0.0    |
|       185       | 12 |       1934      |  False  |  22 |      38263       |  0.007772207260131836  |    0.0    |
|       185       | 25 |       3766      |  False  |  46 |      43232       |  0.012470006942749023  |    0.0    |
|       185       | 50 |       6740      |  False  |  92 |      56698       |  0.020694971084594727  |    0.0    |
|       185       | 75 |       8913      |  False  | 138 |      69141       |  0.02769303321838379   |    0.0    |
|       186       | 12 |       1943      |  False  |  22 |      38656       |  0.007827997207641602  |    0.0    |
|       186       | 25 |       3792      |  False  |  46 |      45705       |  0.012427091598510742  |    0.0    |
|       186       | 50 |       6809      |  False  |  93 |      59412       |  0.021001100540161133  |    0.0    |
|       186       | 75 |       9041      |  False  | 139 |      69311       |  0.028299808502197266  |    0.0    |
|       187       | 12 |       1955      |  False  |  22 |      39138       |  0.00789189338684082   |    0.0    |
|       187       | 25 |       3868      |  False  |  46 |      44197       |  0.01266789436340332   |    0.0    |
|       187       | 50 |       6790      |  False  |  93 |      55205       |  0.02097296714782715   |    0.0    |
|       187       | 75 |       9137      |  False  | 140 |      71547       |  0.028669357299804688  |  0.109375 |
|       188       | 12 |       1980      |  False  |  22 |      39269       |  0.008006095886230469  |    0.0    |
|       188       | 25 |       3924      |  False  |  47 |      44677       |  0.012898921966552734  |    0.0    |
|       188       | 50 |       6939      |  False  |  94 |      56509       |  0.02161407470703125   |    0.0    |
|       188       | 75 |       9278      |  False  | 141 |      72993       |  0.029315710067749023  |    0.0    |
|       189       | 12 |       2010      |  False  |  22 |      39759       |  0.008131027221679688  |    0.0    |
|       189       | 25 |       3910      |  False  |  47 |      44895       |  0.012943744659423828  |    0.0    |
|       189       | 50 |       6986      |  False  |  94 |      56649       |  0.021695852279663086  |    0.0    |
|       189       | 75 |       9380      |  False  | 141 |      71328       |  0.02955484390258789   |    0.0    |
|       190       | 12 |       2029      |  False  |  22 |      40177       |  0.008189201354980469  |    0.0    |
|       190       | 25 |       3963      |  False  |  47 |      47448       |  0.013286828994750977  |    0.0    |
|       190       | 50 |       7088      |  False  |  95 |      57212       |  0.022112131118774414  |    0.0    |
|       190       | 75 |       9514      |  False  | 142 |      73122       |  0.03018331527709961   |    0.0    |
|       191       | 12 |       2060      |  False  |  22 |      41319       |  0.008400678634643555  |    0.0    |
|       191       | 25 |       4031      |  False  |  47 |      46069       |  0.013445138931274414  |    0.0    |
|       191       | 50 |       7123      |  False  |  95 |      58660       |  0.022393226623535156  |    0.0    |
|       191       | 75 |       9563      |  False  | 143 |      74488       |  0.030673980712890625  |    0.0    |
|       192       | 12 |       2083      |  False  |  23 |      41065       |  0.008477926254272461  |    0.0    |
|       192       | 25 |       4064      |  False  |  48 |      47127       |  0.013650894165039062  |    0.0    |
|       192       | 50 |       7176      |  False  |  96 |      58818       |  0.022610902786254883  |    0.0    |
|       192       | 75 |       9691      |  False  | 144 |      74621       |  0.031051158905029297  |    0.0    |
|       193       | 12 |       2089      |  False  |  23 |      41583       |  0.008635282516479492  |    0.0    |
|       193       | 25 |       4076      |  False  |  48 |      46979       |  0.01378011703491211   |    0.0    |
|       193       | 50 |       7203      |  False  |  96 |      60355       |  0.02287602424621582   |    0.0    |
|       193       | 75 |       9785      |  False  | 144 |      75361       |  0.031414031982421875  |    0.0    |
|       194       | 12 |       2128      |  False  |  23 |      42537       |  0.008844852447509766  |    0.0    |
|       194       | 25 |       4169      |  False  |  48 |      47519       |  0.014039039611816406  |    0.0    |
|       194       | 50 |       7375      |  False  |  97 |      59862       |  0.023444414138793945  |    0.0    |
|       194       | 75 |       9884      |  False  | 145 |      75095       |  0.03179216384887695   |    0.0    |
|       195       | 12 |       2141      |  False  |  23 |      42573       |  0.00879979133605957   |    0.0    |
|       195       | 25 |       4198      |  False  |  48 |      47921       |  0.014219045639038086  |    0.0    |
|       195       | 50 |       7400      |  False  |  97 |      60609       |  0.023801803588867188  |    0.0    |
|       195       | 75 |      10010      |  False  | 146 |      78357       |  0.032511234283447266  |    0.0    |
|       196       | 12 |       2163      |  False  |  23 |      43419       |  0.008903026580810547  |    0.0    |
|       196       | 25 |       4237      |  False  |  49 |      48450       |  0.014442920684814453  |    0.0    |
|       196       | 50 |       7530      |  False  |  98 |      61718       |  0.024111032485961914  |    0.0    |
|       196       | 75 |      10038      |  False  | 147 |      79089       |  0.03271031379699707   |    0.0    |
|       197       | 12 |       2181      |  False  |  23 |      43367       |  0.00904083251953125   |    0.0    |
|       197       | 25 |       4240      |  False  |  49 |      48812       |  0.014483213424682617  |    0.0    |
|       197       | 50 |       7567      |  False  |  98 |      62354       |  0.024355173110961914  |    0.0    |
|       197       | 75 |      10240      |  False  | 147 |      77061       |  0.03322005271911621   |    0.0    |
|       198       | 12 |       2199      |  False  |  23 |      44209       |  0.009160995483398438  |    0.0    |
|       198       | 25 |       4308      |  False  |  49 |      50872       |  0.01483607292175293   |    0.0    |
|       198       | 50 |       7682      |  False  |  99 |      62271       |  0.024714946746826172  |    0.0    |
|       198       | 75 |      10359      |  False  | 148 |      82853       |  0.03400111198425293   |    0.0    |
|       199       | 12 |       2248      |  False  |  23 |      44358       |  0.009316205978393555  |    0.0    |
|       199       | 25 |       4403      |  False  |  49 |      50550       |  0.015163898468017578  |    0.0    |
|       199       | 50 |       7756      |  False  |  99 |      63121       |  0.02526688575744629   |    0.0    |
|       199       | 75 |      10407      |  False  | 149 |      81144       |  0.03475499153137207   |    0.0    |
+-----------------+----+-----------------+---------+-----+------------------+------------------------+-----------+