Nodes,Percentagem,Edges,Different_k,Basic_Operations,Time,Memory
5,12,4,0,19,2.5033950805664062e-05,0.0
5,25,4,0,20,1.1920928955078125e-05,0.0
5,50,4,0,19,1.0013580322265625e-05,0.0
5,75,6,1,24,1.3113021850585938e-05,0.0
6,12,5,0,31,1.1920928955078125e-05,0.0
6,25,5,0,31,1.0013580322265625e-05,0.0
6,50,5,0,29,1.0013580322265625e-05,0.0
6,75,8,1,37,1.3113021850585938e-05,0.0
7,12,6,0,42,1.1920928955078125e-05,0.0
7,25,6,0,43,1.2159347534179688e-05,0.0
7,50,9,1,49,1.3113021850585938e-05,0.0
7,75,13,2,59,1.5735626220703125e-05,0.0
8,12,7,0,58,1.2874603271484375e-05,0.0
8,25,7,0,57,1.3113021850585938e-05,0.0
8,50,14,2,72,1.71661376953125e-05,0.0
8,75,15,2,75,2.4080276489257812e-05,0.0
9,12,8,0,73,1.52587890625e-05,0.0
9,25,9,0,78,1.52587890625e-05,0.0
9,50,14,1,85,1.6927719116210938e-05,0.0
9,75,20,2,101,2.6941299438476562e-05,0.0
10,12,9,0,93,1.5974044799804688e-05,0.0
10,25,10,0,95,1.6927719116210938e-05,0.0
10,50,18,2,112,3.0994415283203125e-05,0.0
10,75,20,2,117,2.2649765014648438e-05,0.0
11,12,10,0,114,1.9073486328125e-05,0.0
11,25,13,1,121,2.09808349609375e-05,0.0
11,50,21,1,133,2.4080276489257812e-05,0.0
11,75,27,3,164,3.409385681152344e-05,0.0
12,12,11,0,136,2.09808349609375e-05,0.0
12,25,15,1,145,2.4080276489257812e-05,0.0
12,50,29,2,180,3.0040740966796875e-05,0.0
12,75,39,3,217,4.076957702636719e-05,0.0
13,12,12,0,160,2.288818359375e-05,0.0
13,25,18,1,169,2.7179718017578125e-05,0.0
13,50,32,3,215,3.6716461181640625e-05,0.0
13,75,46,3,255,5.698204040527344e-05,0.0
14,12,13,0,186,2.574920654296875e-05,0.0
14,25,21,1,207,3.314018249511719e-05,0.0
14,50,36,2,237,4.887580871582031e-05,0.0
14,75,48,3,294,5.1975250244140625e-05,0.0
15,12,14,0,215,3.0040740966796875e-05,0.0
15,25,23,2,231,3.695487976074219e-05,0.0
15,50,43,2,298,5.602836608886719e-05,0.0
15,75,59,3,363,5.507469177246094e-05,0.0
16,12,15,0,245,3.314018249511719e-05,0.0
16,25,27,2,277,5.030632019042969e-05,0.0
16,50,50,2,336,5.793571472167969e-05,0.0
16,75,67,3,394,8.320808410644531e-05,0.0
17,12,16,0,276,3.6716461181640625e-05,0.0
17,25,31,1,307,4.410743713378906e-05,0.0
17,50,53,3,379,6.008148193359375e-05,0.0
17,75,70,3,424,6.580352783203125e-05,0.0
18,12,18,1,312,4.1961669921875e-05,0.0
18,25,33,1,348,4.9114227294921875e-05,0.0
18,50,63,3,447,6.818771362304688e-05,0.0
18,75,74,2,456,6.818771362304688e-05,0.0
19,12,20,1,355,6.699562072753906e-05,0.0
19,25,41,2,404,6.127357482910156e-05,0.0
19,50,69,3,489,8.20159912109375e-05,0.0
19,75,89,3,545,0.0001289844512939453,0.0
20,12,21,0,394,5.0067901611328125e-05,0.0
20,25,43,1,450,6.198883056640625e-05,0.0
20,50,74,2,527,7.82012939453125e-05,0.0
20,75,108,3,639,9.703636169433594e-05,0.0
21,12,24,1,435,6.389617919921875e-05,0.0
21,25,51,2,512,8.392333984375e-05,0.0
21,50,81,3,584,0.00010085105895996094,0.0
21,75,115,3,757,0.00011014938354492188,0.0
22,12,27,1,478,7.414817810058594e-05,0.0
22,25,54,2,558,8.821487426757812e-05,0.0
22,50,84,3,642,0.00011992454528808594,0.0
22,75,125,4,825,0.00015211105346679688,0.0
23,12,29,1,525,8.678436279296875e-05,0.0
23,25,56,1,600,8.702278137207031e-05,0.0
23,50,101,2,738,0.00011610984802246094,0.0
23,75,130,4,833,0.00016307830810546875,0.0
24,12,31,1,576,8.7738037109375e-05,0.0
24,25,64,2,672,0.00010395050048828125,0.0
24,50,107,4,786,0.00018310546875,0.0
24,75,136,4,919,0.0001499652862548828,0.0
25,12,35,1,636,9.322166442871094e-05,0.0
25,25,65,2,725,0.00010704994201660156,0.0
25,50,116,3,856,0.00013589859008789062,0.0
25,75,159,4,1060,0.00015687942504882812,0.0
26,12,39,1,697,9.107589721679688e-05,0.0
26,25,72,2,768,0.00013303756713867188,0.0
26,50,127,3,958,0.00013899803161621094,0.0
26,75,171,5,1167,0.00021076202392578125,0.0
27,12,41,1,758,0.00010013580322265625,0.0
27,25,79,2,842,0.000125885009765625,0.0
27,50,134,3,1007,0.00014901161193847656,0.0
27,75,185,4,1186,0.00022983551025390625,0.0
28,12,44,2,815,0.0001342296600341797,0.0
28,25,83,2,895,0.00014328956604003906,0.0
28,50,149,4,1140,0.00030803680419921875,0.0
28,75,205,4,1427,0.00026702880859375,0.0
29,12,46,1,872,0.00013208389282226562,0.0
29,25,87,2,975,0.00013899803161621094,0.0
29,50,168,4,1253,0.00019311904907226562,0.0
29,75,217,6,1479,0.00029087066650390625,0.0
30,12,51,1,938,0.00012612342834472656,0.0
30,25,99,2,1062,0.0001590251922607422,0.0
30,50,172,3,1252,0.00030112266540527344,0.0
30,75,221,4,1478,0.0003299713134765625,0.0
31,12,53,1,987,0.00012993812561035156,0.0
31,25,104,2,1129,0.0001647472381591797,0.0
31,50,195,4,1422,0.0002579689025878906,0.0
31,75,247,5,1726,0.00045013427734375,0.0
32,12,57,1,1061,0.00013780593872070312,0.0
32,25,114,2,1235,0.0002009868621826172,0.0
32,50,197,5,1572,0.0002970695495605469,0.0
32,75,263,5,1786,0.0005567073822021484,0.0
33,12,61,1,1152,0.0001742839813232422,0.0
33,25,117,2,1296,0.00020575523376464844,0.0
33,50,205,4,1574,0.0002579689025878906,0.0
33,75,282,5,1910,0.0005040168762207031,0.0
34,12,64,2,1195,0.00019407272338867188,0.0
34,25,126,2,1351,0.00021696090698242188,0.0
34,50,222,3,1658,0.00026917457580566406,0.0
34,75,300,5,2253,0.0005538463592529297,0.0
35,12,66,1,1293,0.00017905235290527344,0.0
35,25,136,2,1454,0.00024390220642089844,0.0
35,50,227,4,1858,0.0002868175506591797,0.0
35,75,310,6,2144,0.0008187294006347656,0.0
36,12,71,1,1366,0.00016999244689941406,0.0
36,25,143,2,1534,0.000293731689453125,0.0
36,50,245,4,1911,0.0003249645233154297,0.0
36,75,322,4,2119,0.0005848407745361328,0.0
37,12,73,1,1444,0.00019025802612304688,0.0
37,25,144,2,1611,0.0003139972686767578,0.0
37,50,262,3,1994,0.00033092498779296875,0.0
37,75,346,5,2395,0.0008561611175537109,0.0
38,12,78,2,1552,0.0002377033233642578,0.0
38,25,157,2,1730,0.00025916099548339844,0.0
38,50,266,3,2106,0.00039768218994140625,0.0
38,75,359,5,2441,0.0006718635559082031,0.0
39,12,82,2,1623,0.0002129077911376953,0.0
39,25,158,3,1787,0.00037384033203125,0.0
39,50,302,3,2300,0.00035691261291503906,0.0
39,75,384,5,2690,0.00045299530029296875,0.0
40,12,90,2,1707,0.0002760887145996094,0.0
40,25,166,2,1911,0.00027179718017578125,0.0
40,50,319,5,2475,0.0009441375732421875,0.0
40,75,411,5,3023,0.0005371570587158203,0.0
41,12,94,1,1784,0.00023984909057617188,0.0
41,25,183,2,2020,0.0003261566162109375,0.0
41,50,326,4,2520,0.0004680156707763672,0.0
41,75,429,5,3008,0.0008549690246582031,0.0
42,12,100,1,1900,0.00025773048400878906,0.0
42,25,199,2,2172,0.00032520294189453125,0.0
42,50,344,4,2620,0.000659942626953125,0.0
42,75,450,6,3286,0.0008289813995361328,0.0
43,12,103,1,1983,0.0002491474151611328,0.0
43,25,198,3,2223,0.0003299713134765625,0.0
43,50,354,3,2676,0.0004611015319824219,0.0
43,75,483,5,3416,0.0009069442749023438,0.0
44,12,108,2,2061,0.0002727508544921875,0.0
44,25,215,3,2325,0.0006258487701416016,0.0
44,50,380,4,2827,0.0006299018859863281,0.0
44,75,486,6,3395,0.0010120868682861328,0.0
45,12,114,3,2204,0.00034999847412109375,0.0
45,25,226,3,2457,0.0005376338958740234,0.0
45,50,377,4,2968,0.0006608963012695312,0.0
45,75,526,6,3764,0.0009872913360595703,0.0
46,12,116,2,2277,0.0005409717559814453,0.0
46,25,230,2,2531,0.0004229545593261719,0.0
46,50,400,4,3264,0.0005509853363037109,0.0
46,75,544,5,3759,0.0008678436279296875,0.0
47,12,124,2,2375,0.0004520416259765625,0.0
47,25,242,2,2625,0.00038886070251464844,0.0
47,50,430,4,3227,0.0011587142944335938,0.0
47,75,570,6,3987,0.001371145248413086,0.0
48,12,127,2,2457,0.00041985511779785156,0.0
48,25,254,3,2812,0.0004611015319824219,0.0
48,50,438,4,3369,0.0008490085601806641,0.0
48,75,609,6,4325,0.0011839866638183594,0.0
49,12,130,1,2560,0.0003311634063720703,0.0
49,25,262,3,2914,0.0005509853363037109,0.0
49,50,463,4,3513,0.0009300708770751953,0.0
49,75,627,6,5336,0.0008311271667480469,0.0
50,12,141,2,2699,0.0003948211669921875,0.0
50,25,271,2,3091,0.00045490264892578125,0.0
50,50,490,4,3769,0.0006628036499023438,0.0
50,75,629,5,4503,0.0008859634399414062,0.0
51,12,149,2,2824,0.0005178451538085938,0.0
51,25,286,2,3176,0.00048089027404785156,0.0
51,50,506,4,3941,0.0008370876312255859,0.0
51,75,665,6,4892,0.00090789794921875,0.0
52,12,152,2,2943,0.00043082237243652344,0.0
52,25,287,3,3265,0.0005366802215576172,0.0
52,50,520,4,4060,0.0007131099700927734,0.0
52,75,708,6,5088,0.0010380744934082031,0.0
53,12,158,2,3054,0.0006933212280273438,0.0
53,25,308,3,3462,0.0006268024444580078,0.0
53,50,550,4,4422,0.0010402202606201172,0.0
53,75,703,6,5111,0.001432180404663086,0.0
54,12,157,2,3140,0.0006747245788574219,0.0
54,25,321,2,3658,0.0005559921264648438,0.0
54,50,555,4,4245,0.0015361309051513672,0.0
54,75,765,6,5642,0.0015339851379394531,0.0
55,12,170,2,3262,0.00044417381286621094,0.0
55,25,336,3,3717,0.0008068084716796875,0.0
55,50,588,4,4517,0.0008690357208251953,0.0
55,75,776,6,5847,0.0013408660888671875,0.0
56,12,174,2,3388,0.0005588531494140625,0.0
56,25,342,3,3822,0.0009741783142089844,0.0
56,50,611,4,4728,0.0011601448059082031,0.0
56,75,798,5,5525,0.0012671947479248047,0.0
57,12,183,2,3562,0.0005221366882324219,0.0
57,25,348,2,3954,0.0006139278411865234,0.0
57,50,627,5,5030,0.0012621879577636719,0.0
57,75,828,6,6216,0.0015988349914550781,0.0
58,12,190,2,3663,0.0005371570587158203,0.0
58,25,369,3,4134,0.0007586479187011719,0.0
58,50,651,5,5123,0.0014700889587402344,0.0
58,75,880,6,6548,0.0013349056243896484,0.0
59,12,190,2,3766,0.0005979537963867188,0.0
59,25,369,3,4220,0.0009431838989257812,0.0
59,50,687,6,5589,0.0017518997192382812,0.0
59,75,900,6,6423,0.002529144287109375,0.0
60,12,198,2,3929,0.000659942626953125,0.0
60,25,392,2,4415,0.0007033348083496094,0.0
60,50,676,5,5417,0.0015077590942382812,0.0
60,75,959,7,7078,0.001953125,0.0
61,12,210,2,4062,0.0006897449493408203,0.0
61,25,400,3,4570,0.000965118408203125,0.0
61,50,718,5,5830,0.0014929771423339844,0.0
61,75,966,6,7395,0.002022266387939453,0.0
62,12,217,2,4173,0.0006582736968994141,0.0
62,25,421,3,4755,0.0008327960968017578,0.0
62,50,747,5,5801,0.0018439292907714844,0.0
62,75,994,6,7211,0.0015349388122558594,0.0
63,12,224,2,4326,0.0008471012115478516,0.0
63,25,431,3,4870,0.001271963119506836,0.0
63,50,768,5,6000,0.0018758773803710938,0.0
63,75,1036,6,7713,0.0015749931335449219,0.0
64,12,225,2,4481,0.0006392002105712891,0.0
64,25,440,3,4998,0.0012328624725341797,0.0
64,50,808,5,6159,0.0029642581939697266,0.0
64,75,1055,6,7783,0.0016741752624511719,0.0
65,12,228,2,4655,0.0006649494171142578,0.0
65,25,458,3,5206,0.0010466575622558594,0.0
65,50,810,4,6349,0.002017974853515625,0.0
65,75,1093,6,7865,0.0029680728912353516,0.0
66,12,244,2,4769,0.0007069110870361328,0.0
66,25,478,3,5446,0.0011649131774902344,0.0
66,50,854,4,7076,0.0013949871063232422,0.0
66,75,1149,5,8173,0.001695871353149414,0.0
67,12,252,3,4952,0.0011088848114013672,0.0
67,25,486,3,5471,0.0013010501861572266,0.0
67,50,894,5,6956,0.0015387535095214844,0.0
67,75,1173,7,9312,0.0019583702087402344,0.0
68,12,263,2,5091,0.000926971435546875,0.0
68,25,498,3,5587,0.0015680789947509766,0.0
68,50,885,5,6896,0.0025501251220703125,0.0
68,75,1196,6,8596,0.0021169185638427734,0.0
69,12,263,2,5210,0.0007340908050537109,0.0
69,25,517,3,5797,0.001956939697265625,0.0
69,50,921,5,7210,0.002235889434814453,0.0
69,75,1265,7,9872,0.0024061203002929688,0.0
70,12,271,2,5410,0.0007998943328857422,0.0
70,25,540,3,6079,0.0011761188507080078,0.0
70,50,933,5,7411,0.0023806095123291016,0.0
70,75,1293,6,9118,0.002232074737548828,0.0
71,12,288,2,5607,0.0008280277252197266,0.0
71,25,550,3,6287,0.0011279582977294922,0.0
71,50,988,6,7780,0.0031599998474121094,0.0
71,75,1310,7,9610,0.0038962364196777344,0.0
72,12,290,2,5715,0.0008370876312255859,0.0
72,25,575,3,6402,0.0012500286102294922,0.0
72,50,994,4,7902,0.0023009777069091797,0.0
72,75,1333,6,10495,0.002176046371459961,0.0
73,12,299,2,5880,0.0009438991546630859,0.0
73,25,567,3,6585,0.0017180442810058594,0.0
73,50,1029,4,8054,0.0017421245574951172,0.0
73,75,1392,7,10553,0.0034971237182617188,0.0
74,12,312,2,6006,0.0010287761688232422,0.0
74,25,593,3,6781,0.0012412071228027344,0.0
74,50,1078,5,8398,0.0031280517578125,0.0
74,75,1411,7,10762,0.002880096435546875,0.0
75,12,314,2,6230,0.0009217262268066406,0.0
75,25,621,3,6909,0.0016019344329833984,0.0
75,50,1106,5,8855,0.0026171207427978516,0.0
75,75,1449,6,10668,0.0032150745391845703,0.0
76,12,327,3,6428,0.0014278888702392578,0.0
76,25,622,3,7087,0.0013308525085449219,0.0
76,50,1132,4,9009,0.002106904983520508,0.0
76,75,1505,6,11222,0.0032029151916503906,0.0
77,12,337,2,6517,0.0009260177612304688,0.0
77,25,648,3,7334,0.0019390583038330078,0.0
77,50,1148,5,9086,0.002707242965698242,0.0
77,75,1542,7,11658,0.0029401779174804688,0.0
78,12,348,2,6718,0.0011701583862304688,0.0
78,25,671,3,7561,0.0013587474822998047,0.0
78,50,1180,5,9178,0.0034379959106445312,0.0
78,75,1587,7,11881,0.0026760101318359375,0.0
79,12,349,2,6866,0.0010159015655517578,0.0
79,25,673,3,7800,0.0013659000396728516,0.0
79,50,1229,4,9578,0.0021131038665771484,0.0
79,75,1617,6,12578,0.002925872802734375,0.0
80,12,357,2,7036,0.001032114028930664,0.0
80,25,687,3,7870,0.0014729499816894531,0.0
80,50,1242,5,10039,0.0021381378173828125,0.0
80,75,1661,5,11905,0.003084897994995117,0.0
81,12,367,2,7291,0.001046895980834961,0.0
81,25,729,4,8182,0.002722024917602539,0.0
81,50,1266,5,10259,0.004241943359375,0.0
81,75,1715,7,12824,0.0060520172119140625,0.0
82,12,370,2,7397,0.0011568069458007812,0.0
82,25,730,4,8372,0.002866029739379883,0.0
82,50,1316,5,10508,0.002414703369140625,0.0
82,75,1763,6,13212,0.003343820571899414,0.0
83,12,394,2,7658,0.0011472702026367188,0.0
83,25,763,3,8518,0.0020720958709716797,0.0
83,50,1342,5,10945,0.0033469200134277344,0.0
83,75,1777,6,13534,0.003100156784057617,0.0
84,12,399,2,7821,0.0012590885162353516,0.0
84,25,763,2,8764,0.001583099365234375,0.0
84,50,1370,5,11204,0.0029189586639404297,0.0
84,75,1844,6,13276,0.0043790340423583984,0.0
85,12,406,2,7983,0.0012340545654296875,0.0
85,25,802,3,8908,0.0017900466918945312,0.0
85,50,1396,5,11194,0.002566814422607422,0.0
85,75,1886,7,14089,0.003757953643798828,0.0
86,12,421,2,8232,0.001238107681274414,0.0
86,25,811,3,9082,0.001901865005493164,0.0
86,50,1446,6,12571,0.002780914306640625,0.0
86,75,1924,7,14147,0.006443977355957031,0.0
87,12,427,3,8329,0.001708984375,0.0
87,25,834,3,9376,0.0022399425506591797,0.0
87,50,1486,5,12075,0.0035657882690429688,0.0
87,75,1977,6,14474,0.00473475456237793,0.0
88,12,440,2,8588,0.0013611316680908203,0.0
88,25,843,3,9618,0.0018367767333984375,0.0
88,50,1540,6,12285,0.00527191162109375,0.0
88,75,2024,8,16137,0.006742000579833984,0.0
89,12,444,2,8778,0.0013980865478515625,0.0
89,25,862,3,9731,0.001989126205444336,0.0
89,50,1528,4,12020,0.0027768611907958984,0.0
89,75,2068,7,16210,0.004231929779052734,0.0
90,12,453,2,8922,0.0014750957489013672,0.0
90,25,887,3,10053,0.0022649765014648438,0.0
90,50,1584,5,13306,0.003056764602661133,0.0
90,75,2113,7,15999,0.00673985481262207,0.0
91,12,469,2,9191,0.0015101432800292969,0.0
91,25,906,3,10350,0.0019881725311279297,0.0
91,50,1612,5,12709,0.004503965377807617,0.0
91,75,2195,7,16543,0.007647991180419922,0.0
92,12,469,3,9390,0.0023331642150878906,0.0
92,25,943,4,10625,0.0031371116638183594,0.0
92,50,1675,5,13575,0.0033540725708007812,0.0
92,75,2189,7,16164,0.006277799606323242,0.0
93,12,494,2,9555,0.0015041828155517578,0.0
93,25,961,3,10980,0.0030059814453125,0.0
93,50,1686,5,13678,0.0048580169677734375,0.0
93,75,2282,7,16558,0.006941795349121094,0.0
94,12,514,2,9872,0.0016951560974121094,0.0
94,25,959,3,11054,0.002441883087158203,0.0
94,50,1717,5,13640,0.0047190189361572266,0.0
94,75,2282,6,16701,0.005856990814208984,0.0
95,12,506,2,9993,0.0016269683837890625,0.0
95,25,1003,3,11213,0.0023169517517089844,0.0
95,50,1759,5,13819,0.005321025848388672,0.0
95,75,2368,7,17496,0.008180856704711914,0.0
96,12,524,2,10238,0.0017299652099609375,0.0
96,25,1014,3,11387,0.0030112266540527344,0.0
96,50,1803,5,14368,0.004194021224975586,0.0
96,75,2441,7,18416,0.005568027496337891,0.0
97,12,536,2,10408,0.001622915267944336,0.0
97,25,1035,4,11989,0.0037958621978759766,0.0
97,50,1834,6,14681,0.006426095962524414,0.0
97,75,2440,8,18043,0.011204957962036133,0.0
98,12,541,2,10784,0.0016512870788574219,0.0
98,25,1048,3,11986,0.002405881881713867,0.0
98,50,1877,5,15352,0.0054509639739990234,0.0
98,75,2530,7,18508,0.00820302963256836,0.0
99,12,546,2,10892,0.0017058849334716797,0.0
99,25,1060,3,12097,0.0029821395874023438,0.0
99,50,1929,5,15336,0.006646871566772461,0.0
99,75,2522,7,18485,0.0078089237213134766,0.671875
100,12,558,2,11138,0.0017309188842773438,0.0
100,25,1089,3,12469,0.003823995590209961,0.0
100,50,1919,5,15359,0.006544828414916992,0.0
100,75,2637,8,19769,0.009913921356201172,0.0
101,12,571,2,11271,0.0017600059509277344,0.0
101,25,1104,3,12771,0.0025441646575927734,0.0
101,50,1981,6,15672,0.008284807205200195,0.0
101,75,2664,8,20634,0.008907079696655273,0.0
102,12,580,3,11586,0.001940011978149414,0.0
102,25,1129,4,12980,0.004312038421630859,0.0
102,50,2009,5,15960,0.005606889724731445,0.0
102,75,2730,7,21185,0.005838871002197266,0.0
103,12,584,2,11790,0.0018711090087890625,0.0
103,25,1153,3,13263,0.002711772918701172,0.0
103,50,2040,5,16665,0.004144906997680664,0.0
103,75,2789,7,21049,0.0067441463470458984,0.0
104,12,605,3,11934,0.0030660629272460938,0.0
104,25,1170,3,13413,0.0027751922607421875,0.0
104,50,2114,5,17312,0.004441976547241211,0.0
104,75,2822,7,21267,0.006162166595458984,0.0
105,12,618,2,12218,0.002257108688354492,0.0
105,25,1189,3,13816,0.0029098987579345703,0.0
105,50,2149,6,17208,0.008623123168945312,0.0
105,75,2899,8,21621,0.011925935745239258,0.0
106,12,630,2,12615,0.0021839141845703125,0.0
106,25,1222,4,14114,0.0031991004943847656,0.0
106,50,2173,5,17541,0.006115913391113281,0.0
106,75,2900,7,21775,0.00816798210144043,0.0
107,12,639,2,12737,0.0022618770599365234,0.0
107,25,1253,3,14163,0.00356292724609375,0.0
107,50,2214,6,17736,0.006639719009399414,0.0
107,75,2986,7,22584,0.006551027297973633,0.0
108,12,659,2,12907,0.0022652149200439453,0.0
108,25,1265,3,14615,0.0030493736267089844,0.0
108,50,2293,6,18811,0.009614706039428711,0.0
108,75,3031,7,22309,0.010031938552856445,0.0
109,12,657,2,13217,0.002117156982421875,0.0
109,25,1282,4,14862,0.005856037139892578,0.0
109,50,2322,6,18660,0.009711742401123047,0.0
109,75,3083,9,23435,0.007224082946777344,0.0
110,12,669,2,13467,0.002191781997680664,0.0
110,25,1323,4,15097,0.0060007572174072266,0.0
110,50,2346,5,18951,0.006969928741455078,0.0
110,75,3151,7,23074,0.012655973434448242,0.0
111,12,679,3,13671,0.002711057662963867,0.0
111,25,1346,4,15559,0.004869937896728516,0.0
111,50,2403,6,18944,0.010778188705444336,0.0
111,75,3223,7,23948,0.008880138397216797,0.0
112,12,700,2,13906,0.0024030208587646484,0.0
112,25,1373,4,15982,0.005179166793823242,0.0
112,50,2446,6,20029,0.006551027297973633,0.0
112,75,3278,8,25008,0.008131980895996094,0.0
113,12,718,2,14127,0.0023560523986816406,0.0
113,25,1391,3,15857,0.003542184829711914,0.0
113,50,2478,5,19894,0.007348060607910156,0.0
113,75,3346,7,26116,0.008770942687988281,0.0
114,12,730,2,14377,0.0024352073669433594,0.0
114,25,1415,4,16196,0.0046329498291015625,0.0
114,50,2550,6,20589,0.007750749588012695,0.0
114,75,3374,7,25080,0.011987924575805664,0.0
115,12,750,2,14734,0.0025529861450195312,0.0
115,25,1426,4,16320,0.0055370330810546875,0.0
115,50,2567,5,21926,0.006317853927612305,0.0
115,75,3424,8,25244,0.014796018600463867,0.0
116,12,749,2,14906,0.0025320053100585938,0.0
116,25,1458,4,16603,0.0062830448150634766,0.0
116,50,2583,5,20723,0.007042646408081055,0.0
116,75,3545,8,28487,0.008532285690307617,0.0
117,12,766,3,15181,0.004299163818359375,0.0
117,25,1500,4,17098,0.004767894744873047,0.0
117,50,2673,5,21642,0.006407737731933594,0.0
117,75,3601,8,26570,0.017424821853637695,0.0
118,12,777,3,15395,0.003406047821044922,0.0
118,25,1533,4,17329,0.006463050842285156,0.0
118,50,2691,6,21519,0.011040925979614258,0.0
118,75,3624,7,28394,0.008151769638061523,0.0
119,12,795,2,15741,0.0026979446411132812,0.0
119,25,1582,3,17868,0.0042400360107421875,0.0
119,50,2757,6,22720,0.010123968124389648,0.0
119,75,3719,7,28559,0.010864973068237305,0.0
120,12,808,2,15950,0.0027151107788085938,0.0
120,25,1581,3,17938,0.003961086273193359,0.0
120,50,2822,6,23217,0.009557962417602539,0.0
120,75,3794,8,29346,0.010776758193969727,0.0
121,12,824,3,16448,0.0030832290649414062,0.0
121,25,1607,4,18349,0.00628209114074707,0.0
121,50,2834,5,23045,0.006715059280395508,0.0
121,75,3816,8,29427,0.00875401496887207,0.0
122,12,829,2,16502,0.002750873565673828,0.0
122,25,1636,4,18668,0.0043849945068359375,0.0
122,50,2917,5,23484,0.006893157958984375,0.0
122,75,3917,8,29913,0.01801609992980957,0.0
123,12,844,3,16784,0.002917766571044922,0.0
123,25,1667,4,18907,0.006443023681640625,0.0
123,50,2957,6,23828,0.009772062301635742,0.0
123,75,3967,8,30988,0.014341115951538086,0.0
124,12,868,2,17049,0.0032041072845458984,0.0
124,25,1679,4,19076,0.0073778629302978516,0.0
124,50,3009,5,23961,0.006950855255126953,0.0
124,75,4048,8,31542,0.013883829116821289,0.0
125,12,874,3,17536,0.004578828811645508,0.0
125,25,1709,4,19560,0.005425214767456055,0.0
125,50,3049,5,24752,0.00940084457397461,0.0
125,75,4085,7,31077,0.010467052459716797,0.0
126,12,883,3,17842,0.00454401969909668,0.0
126,25,1760,3,20114,0.0047550201416015625,0.0
126,50,3089,5,25730,0.010213136672973633,0.0
126,75,4169,8,31071,0.012071847915649414,0.0
127,12,906,2,17905,0.0034360885620117188,0.0
127,25,1778,3,20066,0.0048198699951171875,0.0
127,50,3174,6,25725,0.010251045227050781,0.0
127,75,4220,8,32179,0.010555028915405273,0.0
128,12,926,2,18202,0.003278970718383789,0.0
128,25,1783,4,20354,0.006189107894897461,0.0
128,50,3194,5,26779,0.007983207702636719,0.0
128,75,4276,8,31811,0.02134990692138672,0.0
129,12,921,2,18418,0.003486156463623047,0.0
129,25,1834,3,20957,0.004995107650756836,0.0
129,50,3256,6,26131,0.012471914291381836,0.0
129,75,4375,7,31694,0.011294126510620117,0.0
130,12,953,2,19064,0.0036208629608154297,0.0
130,25,1844,3,20993,0.005059242248535156,0.0
130,50,3292,6,26272,0.014628171920776367,0.0
130,75,4440,9,34212,0.0190279483795166,0.0
131,12,967,3,19189,0.005225181579589844,0.0
131,25,1875,4,21807,0.00834512710571289,0.0
131,50,3357,5,26721,0.008970022201538086,0.0
131,75,4465,7,33468,0.01234292984008789,0.0
132,12,978,3,19478,0.00512385368347168,0.0
132,25,1889,3,22024,0.0051691532135009766,0.0
132,50,3401,5,27442,0.008278846740722656,0.0
132,75,4594,8,34711,0.01322793960571289,0.0
133,12,980,2,19633,0.003391265869140625,0.0
133,25,1937,4,22628,0.006610870361328125,0.0
133,50,3442,6,28033,0.012623786926269531,0.0
133,75,4655,7,35504,0.01216888427734375,0.0
134,12,1019,3,19986,0.004464149475097656,0.0
134,25,1975,3,22808,0.005950927734375,0.0
134,50,3534,6,29381,0.010370016098022461,0.0
134,75,4710,7,35137,0.01830291748046875,0.0
135,12,1027,3,20592,0.006819963455200195,0.0
135,25,1984,4,22861,0.008255958557128906,0.0
135,50,3563,6,29037,0.01694011688232422,0.0
135,75,4748,8,35255,0.01629805564880371,0.0
136,12,1035,2,20601,0.003946065902709961,0.0
136,25,2026,4,23097,0.0062618255615234375,0.0
136,50,3604,6,29267,0.011329174041748047,0.0
136,75,4894,7,36203,0.014320850372314453,0.0
137,12,1053,3,20940,0.007336854934692383,0.0
137,25,2060,4,23934,0.006946086883544922,0.0
137,50,3628,5,29271,0.009763956069946289,0.0
137,75,4972,8,37847,0.013906002044677734,37.703125
138,12,1079,3,21096,0.006880998611450195,0.0
138,25,2101,4,23975,0.0063800811767578125,0.0
138,50,3691,6,30318,0.012158870697021484,0.0
138,75,4993,7,36982,0.013444900512695312,0.0
139,12,1078,3,21587,0.004982948303222656,0.0
139,25,2103,4,24222,0.009976863861083984,0.0
139,50,3792,6,30845,0.01230311393737793,0.0
139,75,5058,8,39190,0.018596172332763672,0.0
140,12,1095,3,21967,0.0043680667877197266,0.0
140,25,2136,4,24449,0.006208896636962891,0.0
140,50,3852,6,31138,0.01667499542236328,0.0
140,75,5172,8,39738,0.022211074829101562,0.0
141,12,1105,3,22096,0.007035255432128906,0.0
141,25,2185,4,24883,0.010715961456298828,0.0
141,50,3883,6,32014,0.013659000396728516,0.0
141,75,5256,7,39407,0.018023967742919922,0.0
142,12,1144,2,22506,0.004392862319946289,0.0
142,25,2222,4,25385,0.009040117263793945,0.0
142,50,3936,5,31938,0.011642217636108398,0.0
142,75,5213,7,39976,0.01753711700439453,0.0
143,12,1157,2,22806,0.004209995269775391,0.0
143,25,2243,4,25607,0.008989095687866211,0.0
143,50,3935,6,32039,0.012118101119995117,0.0
143,75,5357,9,41661,0.029475927352905273,0.0
144,12,1166,2,23086,0.004239082336425781,0.0
144,25,2270,4,25906,0.0067446231842041016,0.0
144,50,4083,6,32572,0.015048980712890625,0.0
144,75,5420,8,41433,0.022958040237426758,0.0
145,12,1184,3,23412,0.006239891052246094,0.0
145,25,2326,5,26411,0.011471033096313477,0.0
145,50,4122,5,33124,0.010776042938232422,0.0
145,75,5530,8,42408,0.02388906478881836,0.0
146,12,1201,3,23765,0.005393028259277344,0.0
146,25,2350,4,26653,0.012842178344726562,0.0
146,50,4183,6,33397,0.019069910049438477,0.0
146,75,5612,8,43910,0.018927812576293945,0.0
147,12,1204,3,24014,0.004703044891357422,0.0
147,25,2376,4,27181,0.0073511600494384766,0.0
147,50,4222,5,33779,0.011646032333374023,0.0
147,75,5587,7,42386,0.014859914779663086,0.0
148,12,1231,3,24598,0.006930351257324219,0.0
148,25,2391,4,27813,0.009773015975952148,0.0
148,50,4269,6,34641,0.017686128616333008,0.0
148,75,5786,8,46322,0.016331911087036133,0.0
149,12,1253,3,24650,0.0055828094482421875,0.0
149,25,2472,4,28606,0.009491920471191406,0.0
149,50,4347,5,34828,0.015224933624267578,0.0
149,75,5818,7,44279,0.016987085342407227,0.0
150,12,1265,3,25101,0.0058748722076416016,0.0
150,25,2479,4,28172,0.008301019668579102,0.0
150,50,4402,5,35669,0.013712882995605469,0.0
150,75,5870,7,44481,0.015552043914794922,0.140625
151,12,1266,3,25416,0.004825115203857422,0.0
151,25,2518,4,28817,0.010065078735351562,0.0
151,50,4452,6,36308,0.012169837951660156,0.0
151,75,5982,8,45135,0.020701885223388672,0.0
152,12,1289,3,25823,0.007185935974121094,0.0
152,25,2551,4,28986,0.011445999145507812,0.0
152,50,4513,6,36450,0.02327418327331543,0.0
152,75,6010,8,46256,0.029172182083129883,0.0
153,12,1325,3,26336,0.006338834762573242,0.0
153,25,2566,5,29467,0.012948989868164062,0.0
153,50,4572,5,36611,0.012263059616088867,0.0
153,75,6162,8,47811,0.026549100875854492,0.0
154,12,1348,2,26398,0.0051190853118896484,0.0
154,25,2612,4,29949,0.011557340621948242,0.0
154,50,4616,6,37404,0.01596999168395996,0.0
154,75,6211,8,48192,0.018243074417114258,0.0
155,12,1353,3,26948,0.007667064666748047,0.0
155,25,2641,4,30562,0.00991678237915039,0.0
155,50,4679,5,37959,0.013605117797851562,0.0
155,75,6284,8,48035,0.028347015380859375,0.0
156,12,1378,3,27368,0.006824970245361328,0.0
156,25,2663,4,30569,0.011512041091918945,0.0
156,50,4770,5,38836,0.013865947723388672,0.0
156,75,6423,8,48715,0.021465063095092773,0.0
157,12,1377,3,27482,0.007821083068847656,0.0
157,25,2702,4,30805,0.01188516616821289,0.0
157,50,4853,7,41683,0.015277862548828125,0.0
157,75,6469,9,52055,0.030389070510864258,0.0
158,12,1399,3,27705,0.0072879791259765625,0.0
158,25,2743,4,31440,0.010551214218139648,0.0
158,50,4843,6,39078,0.01725482940673828,0.0
158,75,6562,8,50677,0.020379066467285156,0.0
159,12,1426,3,28417,0.006414175033569336,0.0
159,25,2746,4,31635,0.010082721710205078,0.0
159,50,4965,6,40006,0.02207207679748535,0.0
159,75,6595,7,52005,0.019887924194335938,0.0
160,12,1442,3,28845,0.00568699836730957,0.0
160,25,2782,4,31953,0.012119054794311523,0.0
160,50,5027,6,40876,0.02095484733581543,1.3125
160,75,6685,8,52795,0.02144598960876465,0.0
161,12,1456,3,28953,0.0071048736572265625,0.0
161,25,2856,4,33078,0.010953903198242188,0.0
161,50,5080,6,41409,0.020358800888061523,0.0
161,75,6827,8,51516,0.0299379825592041,0.0
162,12,1477,2,29636,0.005935192108154297,0.0
162,25,2869,4,32952,0.01285409927368164,0.0
162,50,5112,6,42180,0.021385908126831055,0.0
162,75,6872,7,52513,0.023602008819580078,0.0
163,12,1498,3,29701,0.009704828262329102,0.0
163,25,2914,4,33270,0.017108917236328125,0.0
163,50,5213,5,42605,0.015597105026245117,0.0
163,75,6936,8,53470,0.03158712387084961,0.0
164,12,1523,3,30203,0.007776975631713867,0.0
164,25,2972,4,34853,0.009887933731079102,0.0
164,50,5308,5,42547,0.01846599578857422,0.0
164,75,7020,8,54650,0.02280282974243164,0.0
165,12,1539,3,30293,0.008336067199707031,0.0
165,25,3018,4,34476,0.013143777847290039,0.0
165,50,5315,7,43349,0.03678607940673828,0.0
165,75,7179,8,55318,0.02696084976196289,0.0
166,12,1548,3,30850,0.008901834487915039,0.0
166,25,3010,4,34658,0.01035618782043457,0.0
166,50,5396,7,44000,0.017528057098388672,0.0
166,75,7167,9,54977,0.02642202377319336,0.0
167,12,1567,3,31106,0.006569862365722656,0.0
167,25,3063,4,35240,0.010339975357055664,0.0
167,50,5510,6,45000,0.018898963928222656,0.0
167,75,7351,9,54824,0.04772305488586426,0.0
168,12,1588,3,31717,0.00809478759765625,0.0
168,25,3088,4,35528,0.013157844543457031,0.0
168,50,5516,5,44721,0.01952195167541504,0.0
168,75,7390,9,56633,0.04597783088684082,5.96875
169,12,1604,3,31744,0.00728607177734375,0.0
169,25,3149,4,35908,0.010056257247924805,0.0
169,50,5635,6,45539,0.022702932357788086,0.03125
169,75,7510,8,58262,0.024274826049804688,0.0
170,12,1619,3,32145,0.007726907730102539,0.0
170,25,3187,4,36505,0.01296091079711914,0.0
170,50,5670,6,47385,0.018644094467163086,0.0
170,75,7545,8,56949,0.04277682304382324,0.0
171,12,1627,3,32785,0.007619142532348633,0.0
171,25,3210,4,37740,0.015966176986694336,0.0
171,50,5725,5,46939,0.01791071891784668,0.0
171,75,7682,8,59263,0.031096220016479492,0.0
172,12,1656,3,33114,0.007936954498291016,0.0
172,25,3251,4,37827,0.011934280395507812,0.0
172,50,5800,6,47206,0.030097007751464844,0.0
172,75,7727,9,58737,0.05193686485290527,0.0
173,12,1672,3,33493,0.009779930114746094,0.0
173,25,3308,5,37765,0.02623605728149414,0.0
173,50,5862,6,47286,0.031105995178222656,0.0
173,75,7869,8,60061,0.03766512870788574,0.0
174,12,1683,3,33849,0.008998870849609375,0.0
174,25,3326,4,38669,0.012656927108764648,0.0
174,50,5907,6,48268,0.022266864776611328,0.0
174,75,7985,8,59414,0.03872108459472656,0.0
175,12,1731,2,34548,0.0067598819732666016,0.0
175,25,3371,4,39068,0.013931989669799805,0.0
175,50,5960,6,49176,0.020397186279296875,0.0
175,75,8004,9,61191,0.028187990188598633,0.0
176,12,1747,2,34992,0.007047176361083984,0.0
176,25,3424,3,39321,0.011365175247192383,0.0
176,50,6086,6,49108,0.018121004104614258,9.375
176,75,8074,9,60842,0.03997683525085449,0.03125
177,12,1760,3,34838,0.010359048843383789,1.265625
177,25,3419,4,39253,0.015907764434814453,0.703125
177,50,6130,6,51009,0.021223068237304688,4.046875
177,75,8234,8,63414,0.029880046844482422,0.0
178,12,1789,3,35437,0.00912618637084961,0.0
178,25,3493,3,40328,0.011182069778442383,0.0
178,50,6188,6,51779,0.019368886947631836,0.0
178,75,8308,9,65848,0.03003692626953125,0.0
179,12,1791,3,36082,0.008257865905761719,0.0
179,25,3540,4,40108,0.01760411262512207,0.0
179,50,6265,6,50831,0.020058155059814453,0.0
179,75,8483,9,64668,0.05575299263000488,0.0
180,12,1809,3,36035,0.00907588005065918,0.0
180,25,3546,3,40826,0.011591196060180664,0.0
180,50,6319,6,51615,0.03218388557434082,0.0
180,75,8527,8,66775,0.033212900161743164,0.0
181,12,1842,3,37235,0.008929967880249023,0.0
181,25,3594,4,42887,0.015614986419677734,0.0
181,50,6407,7,52726,0.02958822250366211,0.0
181,75,8593,8,66347,0.04065203666687012,0.0
182,12,1855,3,37125,0.01001596450805664,0.0
182,25,3644,4,41480,0.018305063247680664,0.0
182,50,6456,6,54710,0.02036118507385254,0.0
182,75,8649,8,68317,0.045548200607299805,0.0
183,12,1897,3,37378,0.008188962936401367,0.0
183,25,3714,4,42461,0.020035743713378906,0.0
183,50,6528,6,52934,0.026819229125976562,12.84375
183,75,8805,9,66826,0.05257391929626465,0.0
184,12,1903,3,37958,0.009488821029663086,0.0
184,25,3732,4,42543,0.012600898742675781,0.0
184,50,6568,6,53774,0.04286003112792969,0.0
184,75,8924,9,67529,0.04637002944946289,0.0
185,12,1934,3,38263,0.009541034698486328,0.0
185,25,3766,4,43232,0.01446390151977539,0.0
185,50,6740,6,56698,0.031501054763793945,0.0
185,75,8913,9,69141,0.04760169982910156,0.0
186,12,1943,3,38656,0.009242057800292969,0.0
186,25,3792,4,45705,0.01261591911315918,0.0
186,50,6809,7,59412,0.023011207580566406,0.0
186,75,9041,8,69311,0.04204893112182617,0.0
187,12,1955,3,39138,0.013482093811035156,0.0
187,25,3868,4,44197,0.01553797721862793,0.0
187,50,6790,6,55205,0.02810382843017578,0.0
187,75,9137,9,71547,0.030155181884765625,0.0
188,12,1980,2,39269,0.00843191146850586,0.0
188,25,3924,4,44677,0.01452493667602539,0.0
188,50,6939,6,56509,0.025627851486206055,0.0
188,75,9278,8,72993,0.030746936798095703,0.0
189,12,2010,3,39759,0.009495735168457031,0.0
189,25,3910,4,44895,0.0180661678314209,0.0
189,50,6986,6,56649,0.02293705940246582,0.0
189,75,9380,8,71328,0.04520606994628906,0.0
190,12,2029,4,40177,0.01065206527709961,23.046875
190,25,3963,4,47448,0.015577077865600586,0.0
190,50,7088,6,57212,0.023407936096191406,0.0
190,75,9514,9,73122,0.0541989803314209,0.0
191,12,2060,3,41319,0.01102900505065918,0.0
191,25,4031,4,46069,0.020968914031982422,0.0
191,50,7123,6,58660,0.023814916610717773,0.0
191,75,9563,8,74488,0.03227496147155762,0.0
192,12,2083,3,41065,0.010881185531616211,0.0
192,25,4064,4,47127,0.020622968673706055,0.0
192,50,7176,6,58818,0.02792978286743164,0.0
192,75,9691,9,74621,0.06836199760437012,0.0
193,12,2089,2,41583,0.008697032928466797,0.0
193,25,4076,4,46979,0.014778852462768555,0.0
193,50,7203,6,60355,0.027638912200927734,0.0
193,75,9785,9,75361,0.04533982276916504,0.0
194,12,2128,3,42537,0.011484861373901367,0.0
194,25,4169,4,47519,0.018212080001831055,0.0
194,50,7375,7,59862,0.026177167892456055,0.0
194,75,9884,8,75095,0.043061017990112305,0.0
195,12,2141,3,42573,0.01093292236328125,0.0
195,25,4198,4,47921,0.017339229583740234,0.0
195,50,7400,6,60609,0.032824039459228516,0.0
195,75,10010,8,78357,0.03687596321105957,0.0
196,12,2163,3,43419,0.012894868850708008,0.0
196,25,4237,4,48450,0.01973891258239746,53.9375
196,50,7530,6,61718,0.030340909957885742,8.0
196,75,10038,9,79089,0.058363914489746094,0.0
197,12,2181,3,43367,0.011517047882080078,0.0
197,25,4240,4,48812,0.015381097793579102,0.0
197,50,7567,6,62354,0.02460503578186035,0.0
197,75,10240,8,77061,0.035939931869506836,0.0
198,12,2199,3,44209,0.012366771697998047,0.0
198,25,4308,4,50872,0.016819000244140625,0.0
198,50,7682,6,62271,0.037065982818603516,0.0
198,75,10359,8,82853,0.03506827354431152,0.0
199,12,2248,3,44358,0.011764287948608398,0.0
199,25,4403,4,50550,0.015269994735717773,0.0
199,50,7756,6,63121,0.0395052433013916,0.0
199,75,10407,10,81144,0.08417415618896484,0.0
